userid,movieid,ratings,time_stamp
1,1193,5,978300760
1,661,3,978302109
1,914,3,978301968
1,3408,4,978300275
1,2355,5,978824291
1,1197,3,978302268
1,1287,5,978302039
1,2804,5,978300719
1,594,4,978302268
1,919,4,978301368
1,595,5,978824268
1,938,4,978301752
1,2398,4,978302281
1,2918,4,978302124
1,1035,5,978301753
1,2791,4,978302188
1,2687,3,978824268
1,2018,4,978301777
1,3105,5,978301713
1,2797,4,978302039
1,2321,3,978302205
1,720,3,978300760
1,1270,5,978300055
1,527,5,978824195
1,2340,3,978300103
1,48,5,978824351
1,1097,4,978301953
1,1721,4,978300055
1,1545,4,978824139
1,745,3,978824268
1,2294,4,978824291
1,3186,4,978300019
1,1566,4,978824330
1,588,4,978824268
1,1907,4,978824330
1,783,4,978824291
1,1836,5,978300172
1,1022,5,978300055
1,2762,4,978302091
1,150,5,978301777
1,1,5,978824268
1,1961,5,978301590
1,1962,4,978301753
1,2692,4,978301570
1,260,4,978300760
1,1028,5,978301777
1,1029,5,978302205
1,1207,4,978300719
1,2028,5,978301619
1,531,4,978302149
1,3114,4,978302174
1,608,4,978301398
1,1246,4,978302091
2,1357,5,978298709
2,3068,4,978299000
2,1537,4,978299620
2,647,3,978299351
2,2194,4,978299297
2,648,4,978299913
2,2268,5,978299297
2,2628,3,978300051
2,1103,3,978298905
2,2916,3,978299809
2,3468,5,978298542
2,1210,4,978298151
2,1792,3,978299941
2,1687,3,978300174
2,1213,2,978298458
2,3578,5,978298958
2,2881,3,978300002
2,3030,4,978298434
2,1217,3,978298151
2,3105,4,978298673
2,434,2,978300174
2,2126,3,978300123
2,3107,2,978300002
2,3108,3,978299712
2,3035,4,978298625
2,1253,3,978299120
2,1610,5,978299809
2,292,3,978300123
2,2236,5,978299220
2,3071,4,978299120
2,902,2,978298905
2,368,4,978300002
2,1259,5,978298841
2,3147,5,978298652
2,1544,4,978300174
2,1293,5,978298261
2,1188,4,978299620
2,3255,4,978299321
2,3256,2,978299839
2,3257,3,978300073
2,110,5,978298625
2,2278,3,978299889
2,2490,3,978299966
2,1834,4,978298813
2,3471,5,978298814
2,589,4,978299773
2,1690,3,978300051
2,3654,3,978298814
2,2852,3,978298958
2,1945,5,978298458
2,982,4,978299269
2,1873,4,978298542
2,2858,4,978298434
2,1225,5,978298391
2,2028,4,978299773
2,515,5,978298542
2,442,3,978300025
2,2312,3,978299046
2,265,4,978299026
2,1408,3,978299839
2,1084,3,978298813
2,3699,2,978299173
2,480,5,978299809
2,1442,4,978299297
2,2067,5,978298625
2,1265,3,978299712
2,1370,5,978299889
2,1193,5,978298413
2,1801,3,978300002
2,1372,3,978299941
2,2353,4,978299861
2,3334,4,978298958
2,2427,2,978299913
2,590,5,978299083
2,1196,5,978298730
2,1552,3,978299941
2,736,4,978300100
2,1198,4,978298124
2,593,5,978298517
2,2359,3,978299666
2,95,2,978300143
2,2717,3,978298196
2,2571,4,978299773
2,1917,3,978300174
2,2396,4,978299641
2,3735,3,978298814
2,1953,4,978298775
2,1597,3,978300025
2,3809,3,978299712
2,1954,5,978298841
2,1955,4,978299200
2,235,3,978299351
2,1124,5,978299418
2,1957,5,978298750
2,163,4,978299809
2,21,1,978299839
2,165,3,978300002
2,2321,3,978299666
2,1090,2,978298580
2,380,5,978299809
2,2501,5,978298600
2,349,4,978299839
2,457,4,978299773
2,1096,4,978299386
2,920,5,978298775
2,459,3,978300002
2,1527,4,978299839
2,3418,4,978299809
2,1385,3,978299966
2,3451,4,978298924
2,3095,4,978298517
2,780,3,978299966
2,498,3,978299418
2,2728,3,978298881
2,2002,5,978300100
2,1962,5,978298813
2,1784,5,978298841
2,2943,4,978298372
2,2006,3,978299861
2,318,5,978298413
2,1207,4,978298478
2,1968,2,978298881
2,3678,3,978299250
2,1244,3,978299143
2,356,5,978299686
2,1245,2,978299200
2,1246,5,978299418
2,3893,1,978299535
2,1247,5,978298652
3,3421,4,978298147
3,1641,2,978298430
3,648,3,978297867
3,1394,4,978298147
3,3534,3,978297068
3,104,4,978298486
3,2735,4,978297867
3,1210,4,978297600
3,1431,3,978297095
3,3868,3,978298486
3,1079,5,978298296
3,2997,3,978298147
3,1615,5,978297710
3,1291,4,978297600
3,1259,5,978298296
3,653,4,978297757
3,2167,5,978297600
3,1580,3,978297663
3,3619,2,978298201
3,260,5,978297512
3,2858,4,978297039
3,3114,3,978298103
3,1049,4,978297805
3,1261,1,978297663
3,552,4,978297837
3,480,4,978297690
3,1265,2,978298316
3,1266,5,978297396
3,733,5,978297757
3,1196,4,978297539
3,590,4,978297439
3,2355,5,978298430
3,1197,5,978297570
3,1198,5,978297570
3,1378,5,978297419
3,593,3,978297018
3,1379,4,978297419
3,3552,5,978298459
3,1304,5,978298166
3,1270,3,978298231
3,2470,4,978297777
3,3168,4,978297570
3,2617,2,978297837
3,1961,4,978297095
3,3671,5,978297419
3,2006,4,978297757
3,2871,4,978297539
3,2115,4,978297777
3,1968,4,978297068
3,1136,5,978298079
3,2081,4,978298504
4,3468,5,978294008
4,1210,3,978293924
4,2951,4,978294282
4,1214,4,978294260
4,1036,4,978294282
4,260,5,978294199
4,2028,5,978294230
4,480,4,978294008
4,1196,2,978294199
4,1198,5,978294199
4,1954,5,978294282
4,1097,4,978293964
4,3418,4,978294260
4,3702,4,978294260
4,2366,4,978294230
4,1387,5,978294199
4,3527,1,978294008
4,1201,5,978294230
4,2692,5,978294230
4,2947,5,978294230
4,1240,5,978294260
5,2987,4,978243170
5,2333,4,978242607
5,1175,5,978244759
5,39,3,978245037
5,288,2,978246585
5,2337,5,978243121
5,1535,4,978245513
5,1392,4,978245645
5,2268,2,978246033
5,1466,3,978245695
5,860,2,978244493
5,1683,3,978246108
5,866,4,978245334
5,1684,3,978244540
5,2916,1,978245645
5,2770,4,978241981
5,215,3,978245422
5,1759,4,978245513
5,501,1,978244001
5,3578,2,978243803
5,506,4,978245999
5,1250,5,978241112
5,3793,2,978243170
5,509,4,978245829
5,41,4,978244692
5,1610,4,978245645
5,2058,1,978245740
5,3799,3,978243937
5,2997,5,978241556
5,47,3,978245334
5,2700,4,978243085
5,296,4,978244177
5,581,3,978244808
5,1617,3,978244025
5,728,4,978244759
5,299,3,978242934
5,3079,2,978246162
5,2560,4,978242977
5,1909,3,978246479
5,150,2,978245763
5,224,3,978245829
5,3728,2,978244568
5,229,3,978246528
5,6,2,978245916
5,3006,3,978245422
5,2858,4,978241390
5,1046,5,978244114
5,515,4,978245891
5,800,2,978244540
5,50,5,978244205
5,52,2,978246479
5,1191,2,978246426
5,1192,5,978244493
5,733,1,978245763
5,3081,3,978243054
5,377,4,978245999
5,2353,3,978245790
5,1268,2,978245948
5,3083,5,978244114
5,2427,5,978246450
5,3513,1,978243896
5,2428,3,978242541
5,2355,5,978241981
5,2282,3,978244667
5,3514,2,978243869
5,1554,3,978244540
5,1912,3,978244624
5,593,4,978244177
5,2359,3,978245568
5,2716,3,978242607
5,1485,3,978246576
5,2717,1,978241072
5,2571,5,978244493
5,2289,4,978244568
5,162,4,978244624
5,1127,1,978241390
5,3016,4,978242016
5,2070,2,978243121
5,1704,3,978244517
5,3163,5,978244852
5,2437,2,978244759
5,2291,5,978244808
5,1635,4,978245314
5,1279,1,978245314
5,2721,3,978243121
5,2723,4,978242788
5,1921,4,978246162
5,2725,2,978246162
5,1923,3,978245314
5,2580,4,978242607
5,3386,2,978245948
5,3744,1,978243896
5,968,3,978242847
5,896,4,978244493
5,3020,1,978245916
5,1788,3,978244603
5,318,3,978244177
5,176,4,978244568
5,461,3,978244893
5,608,4,978244177
5,1429,3,978245829
5,2159,1,978244808
5,1715,4,978245891
5,1643,3,978245916
5,3249,1,978245916
5,3176,2,978243085
5,1719,3,978244205
5,2806,2,978243085
5,2734,2,978242788
5,1649,4,978244667
5,321,3,978245863
5,2013,3,978242934
5,3100,1,978245645
5,2952,2,978245790
5,1213,5,978244177
5,1794,3,978245966
5,2599,5,978242323
5,1500,3,978245314
5,3105,2,978246576
5,2959,4,978242541
5,1509,3,978244962
5,1721,1,978245763
5,1722,2,978246108
5,1650,3,978245314
5,908,4,978241072
5,1580,4,978245999
5,1653,2,978245891
5,2384,3,978245708
5,1729,4,978245763
5,3476,3,978245916
5,2890,4,978245445
5,3113,1,978242323
5,2028,2,978244053
5,16,3,978245645
5,265,3,978245037
5,2029,4,978246555
5,194,3,978246108
5,551,4,978246504
5,1513,4,978242977
5,3046,3,978244962
5,2318,4,978242640
5,1517,4,978245568
5,1089,5,978244205
5,3260,4,978245065
5,913,5,978242740
5,1730,4,978244603
5,3408,3,978242323
5,3409,3,978242541
5,2607,2,978242607
5,1449,4,978244830
5,1732,5,978245740
5,1733,3,978246450
5,2390,4,978242679
5,1734,4,978245334
5,3266,2,978246162
5,3267,4,978244893
5,919,4,978241072
5,3624,3,978243803
5,2395,5,978243054
5,1594,1,978245548
5,2683,3,978241434
5,412,2,978245891
5,2759,3,978242080
5,994,5,978244540
5,1884,3,978246576
5,1885,4,978245568
5,272,3,978245487
5,24,1,978242934
5,3051,2,978241434
5,348,4,978245863
5,2323,4,978245445
5,1093,2,978242080
5,29,5,978245065
5,562,4,978244603
5,1095,4,978245065
5,1527,3,978246479
5,1529,4,978245037
5,3418,3,978244962
5,2188,1,978241390
5,497,3,978245687
5,202,2,978246033
5,1747,2,978245663
5,2908,4,978241981
5,2762,3,978243054
5,2692,4,978242977
5,1966,2,978245931
5,3499,3,978245065
5,353,2,978246504
5,32,4,978244962
5,1243,3,978244001
5,1897,4,978246426
5,1171,4,978244852
5,3786,3,978241981
5,34,4,978244603
5,356,1,978241112
5,357,2,978245829
5,36,3,978244808
5,714,4,978244493
6,2406,5,978236670
6,1101,4,978236670
6,3717,4,978238371
6,1030,4,978237691
6,1688,5,978237570
6,1035,5,978237767
6,3578,4,978238195
6,364,4,978237570
6,3501,5,978236670
6,3072,4,978236075
6,368,4,978237909
6,296,2,978237379
6,48,5,978237570
6,3074,5,978238036
6,1188,4,978236771
6,3508,3,978238036
6,588,4,978237511
6,1,4,978237008
6,1043,4,978236219
6,2858,1,978236809
6,377,3,978236383
6,590,3,978237232
6,595,4,978237511
6,597,5,978239019
6,383,4,978237909
6,2506,3,978236975
6,3524,3,978236719
6,1566,4,978237570
6,1569,4,978238948
6,2006,4,978236122
6,2081,4,978236567
6,2082,3,978236975
6,3600,3,978237813
6,3604,5,978237767
6,2802,4,978236612
6,3534,4,978236219
6,3536,5,978238230
6,1210,3,978236219
6,3753,5,978238195
6,3682,3,978238036
6,2017,3,978237813
6,3685,3,978236519
6,3610,3,978237813
6,1296,3,978236519
6,838,4,978237444
6,1007,3,978238036
6,1947,5,978237767
6,2966,5,978237273
6,266,4,978237909
6,17,4,978236383
6,3699,4,978236567
6,1441,4,978236383
6,1088,5,978236670
6,912,4,978236122
6,199,5,978237570
6,914,5,978237767
6,3408,5,978238230
6,1806,3,978236876
6,3624,4,978238256
6,2469,3,978236670
6,2396,4,978236809
6,2100,3,978236567
6,1959,3,978236612
6,2321,3,978237034
6,1380,5,978237691
6,920,4,978238851
6,569,4,978236876
6,1674,4,978236567
6,3565,4,978238288
6,1028,4,978237767
6,34,4,978237444
7,648,4,978234737
7,861,4,978234874
7,2916,5,978234842
7,3578,3,978234737
7,3793,3,978234737
7,1610,5,978234786
7,589,5,978234786
7,6,4,978234842
7,442,4,978234632
7,733,5,978234842
7,377,3,978234810
7,2353,5,978234874
7,1196,5,978234632
7,2571,5,978234786
7,380,5,978234874
7,1997,5,978234737
7,1270,4,978234581
7,457,5,978234786
7,1573,4,978234874
7,3753,4,978234737
7,3107,3,978234898
7,474,5,978234842
7,1722,4,978234874
7,3256,5,978234874
7,1580,4,978234842
7,110,5,978234786
7,1221,4,978234659
7,2028,5,978234786
7,480,4,978234607
7,349,5,978234874
7,3418,3,978234810
8,39,3,978229571
8,2336,3,978230120
8,288,5,978229391
8,3425,3,978231982
8,2268,3,978230852
8,1466,4,978230052
8,1393,5,978229702
8,1682,4,978230852
8,2916,5,978229172
8,506,3,978230483
8,508,3,978230435
8,3213,3,978233462
8,42,3,978232754
8,650,5,978230943
8,3500,3,978232754
8,296,5,978229857
8,3147,5,978230550
8,3148,3,978230248
8,2702,3,978230943
8,2278,3,978229293
8,1476,3,978231493
8,2490,2,978229293
8,589,5,978229138
8,1836,4,978231592
8,1693,3,978231121
8,150,4,978230611
8,151,4,978231150
8,1,4,978233496
8,510,3,978232056
8,4,3,978232203
8,3006,3,978230227
8,2858,5,978229817
8,1621,3,978230966
8,1265,5,978229524
8,733,3,978229347
8,377,4,978229204
8,3155,3,978232231
8,2427,5,978229204
8,58,5,978230286
8,2712,3,978230886
8,2429,2,978231890
8,1840,4,978230577
8,2571,5,978229172
8,1916,5,978229293
8,1488,3,978231982
8,230,4,978231637
8,1120,4,978230391
8,161,3,978230435
8,163,5,978229246
8,1411,5,978230391
8,524,5,978230611
8,1059,3,978229614
8,527,4,978229857
8,454,3,978231173
8,1701,4,978231659
8,1274,5,978233462
8,741,5,978233526
8,1704,5,978229900
8,1277,3,978229614
8,2291,5,978229702
8,1639,5,978229702
8,3528,4,978231687
8,2297,3,978231252
8,3386,3,978229979
8,2006,3,978229347
8,608,5,978229857
8,465,5,978231173
8,1711,3,978231890
8,538,3,978230391
8,393,2,978229138
8,2442,4,978230550
8,1357,4,978230800
8,73,4,978230286
8,3246,4,978230391
8,3173,2,978232012
8,1573,4,978228960
8,105,4,978232056
8,1210,4,978228789
8,1213,5,978229817
8,253,5,978230943
8,3105,4,978230666
8,3107,5,978229246
8,3250,3,978230184
8,3252,3,978230013
8,1721,5,978230800
8,476,3,978230687
8,3256,5,978229347
8,908,5,978228882
8,3257,3,978247143
8,1653,5,978230886
8,1580,4,978229293
8,110,5,978229172
8,111,5,978228832
8,3259,4,978231571
8,3186,4,978230852
8,1589,4,978230943
8,2023,3,978231802
8,14,4,978230756
8,2028,5,978229138
8,337,5,978230248
8,265,4,978229571
8,16,4,978230095
8,266,4,978231614
8,17,4,978229571
8,2314,3,978232056
8,2600,2,978229391
8,480,5,978228960
8,269,4,978231121
8,555,4,978229204
8,1801,3,978232056
8,3260,3,978229957
8,1730,4,978230013
8,1660,3,978230611
8,3265,5,978229138
8,1735,4,978229614
8,3267,5,978229204
8,3481,4,978228882
8,2396,5,978229524
8,2686,4,978230152
8,2688,3,978231429
8,345,3,978230943
8,2320,2,978231802
8,24,4,978230966
8,25,5,978229477
8,2324,3,978230483
8,349,4,978229347
8,562,5,978230184
8,2329,5,978229900
8,1810,2,978231031
8,2541,3,978231031
8,3418,3,978229138
8,1673,5,978230356
8,2908,3,978230052
8,1678,5,978230649
8,2692,5,978229138
8,1027,4,978232203
8,2699,5,978229347
8,282,3,978231802
8,36,4,978230013
9,2268,4,978226495
9,1466,4,978226248
9,1393,3,978226081
9,861,2,978226665
9,1682,4,978226302
9,3717,3,978225709
9,508,3,978226315
9,3793,4,978225581
9,720,4,978225898
9,367,3,978226678
9,47,5,978226093
9,3147,4,978226081
9,3148,3,978225827
9,1617,4,978225924
9,2278,4,978226665
9,223,4,978226165
9,150,3,978226041
9,3298,4,978225686
9,1,5,978225952
9,3006,3,978226041
9,2858,4,978225333
9,3948,3,978225177
9,50,4,978225333
9,1265,4,978226066
9,805,3,978226564
9,3510,3,978225570
9,377,3,978226150
9,1552,2,978225489
9,590,5,978226434
9,3513,3,978225730
9,2355,4,978226054
9,1912,3,978226343
9,593,5,978225314
9,2571,5,978225984
9,597,3,978226473
9,300,4,978226277
9,1777,4,978226291
9,162,4,978226023
9,524,4,978226599
9,3301,2,978225718
9,1343,3,978226261
9,527,5,978225303
9,3160,3,978225984
9,529,5,978226564
9,457,5,978226006
9,1704,4,978225924
9,745,4,978225898
9,3452,2,978225746
9,2294,4,978226678
9,1921,4,978226368
9,1639,4,978226109
9,1923,5,978226165
9,1784,3,978226109
9,1060,4,978226261
9,318,5,978225883
9,608,4,978225898
9,1356,3,978226644
9,1358,4,978226207
9,3178,3,978224908
9,3751,4,978224859
9,1210,4,978224893
9,3826,2,978225758
9,1213,4,978225314
9,3755,2,978225613
9,2599,2,978225952
9,2302,4,978226463
9,1500,4,978226123
9,2959,4,978226123
9,1148,4,978225333
9,2166,4,978226197
9,1721,5,978226248
9,3253,4,978226165
9,3255,4,978226216
9,1653,4,978226619
9,838,3,978226495
9,1584,5,978226233
9,1221,4,978224908
9,1223,4,978225968
9,2890,5,978226291
9,2028,5,978225908
9,3114,4,978225952
9,16,4,978226599
9,480,4,978226448
9,1089,4,978225968
9,912,4,978224879
9,1446,3,978226150
9,3408,4,978225570
9,3623,4,978225671
9,778,5,978226248
9,1669,3,978226150
9,3484,2,978225778
9,412,3,978226261
9,3916,3,978225153
9,994,4,978226328
9,1233,3,978225303
9,1307,4,978225429
9,25,4,978226041
9,2324,5,978226066
9,349,4,978226564
9,920,3,978225401
9,3270,3,978226448
9,2762,4,978225984
9,1961,5,978224859
9,2692,4,978225429
9,1310,3,978226006
9,428,3,978226580
10,2622,5,978228212
10,648,4,978224925
10,2628,3,978228408
10,3358,5,978226378
10,3359,3,978227125
10,1682,5,978226319
10,1756,4,978228655
10,1320,3,978230837
10,2124,3,978229208
10,2125,5,979167795
10,1250,3,978226572
10,2054,4,978229409
10,1252,3,979775409
10,1253,5,978226866
10,720,5,979775240
10,3868,3,978225997
10,1254,3,978226254
10,3869,3,978230562
10,1256,3,979168591
10,3500,5,978228153
10,1257,5,978227300
10,3501,5,978228911
10,2997,4,978226026
10,1259,3,979168564
10,653,4,978227051
10,1831,5,979776206
10,3363,5,978227696
10,586,3,978228747
10,587,5,978227028
10,3438,3,979168346
10,588,4,978225900
10,3439,2,978229894
10,589,4,978226128
10,1690,4,978230253
10,3296,4,978226103
10,223,2,978225900
10,150,5,978226319
10,2496,4,978227087
10,1,5,978226474
10,2497,4,978229979
10,2,5,979168267
10,2498,4,979776161
10,153,3,978229917
10,7,4,978227763
10,2133,4,978229171
10,2135,4,978224779
10,3948,4,978295480
10,2136,4,978230063
10,2137,4,978227842
10,1408,4,978227188
10,802,5,978226425
10,2138,3,978228848
10,1409,5,978229624
10,2067,3,979167600
10,1265,5,979167660
10,1339,5,979168036
10,1269,5,978226500
10,1196,5,979168108
10,590,5,978227646
10,1197,5,979167660
10,1198,5,978225630
10,2640,5,979168210
10,592,4,978227263
10,594,5,978226913
10,2716,4,978225952
10,595,5,980638533
10,2717,4,979775973
10,2571,5,979168108
10,596,4,978228174
10,3447,5,980638373
10,597,4,978224375
10,1918,3,978230230
10,2140,5,979168295
10,1411,4,978226287
10,2072,4,978230923
10,1270,4,978225735
10,1271,5,978226349
10,1345,3,978229295
10,2077,3,979775266
10,2078,4,978227646
10,1276,3,979168446
10,743,3,978224375
10,671,3,978228408
10,1278,5,978225922
10,745,5,979168564
10,3451,5,978226739
10,3525,2,978226500
10,1921,4,978227503
10,1923,5,978228288
10,1927,3,978225599
10,3386,4,978227379
10,2657,4,978224779
10,3388,3,978230736
10,1784,5,979168470
10,316,5,978227503
10,317,4,978228625
10,318,4,979775159
10,248,5,978229811
10,2080,4,978226866
10,2081,5,978228053
10,2082,3,978228754
10,1282,5,978224549
10,1356,5,978227871
10,1283,3,980638614
10,750,4,979775386
10,1357,5,978227625
10,2087,5,979775738
10,1286,5,979167906
10,1287,3,978227425
10,2804,5,978227003
10,3608,3,978228601
10,2662,4,978227529
10,3466,5,979168267
10,3100,3,978227105
10,2300,5,978225682
10,253,5,978228886
10,180,2,978226766
10,2599,5,979168618
10,2302,5,978227317
10,329,5,978229147
10,3034,4,980638330
10,3108,5,979168036
10,3035,3,978225997
10,186,3,978229938
10,2161,5,978228212
10,3037,5,978225682
10,2090,4,978228820
10,3039,4,978228053
10,2091,3,978230593
10,902,5,979167926
10,830,5,978229716
10,2093,4,978229624
10,1291,5,978225735
10,904,4,979775329
10,2094,4,978229097
10,1292,5,979775615
10,1293,4,978225682
10,2096,5,979775364
10,1294,4,978225952
10,765,4,978230330
10,3471,5,978226231
10,2746,5,978228307
10,1009,5,979168267
10,1947,5,978226805
10,1948,4,978224400
10,333,3,978228911
10,260,5,979168077
10,3114,4,978225759
10,2312,5,978224549
10,339,5,979167945
10,1513,3,978230230
10,2316,4,978229666
10,1441,5,978228451
10,1517,3,978227961
10,1371,4,978229517
10,2174,5,978227669
10,1372,4,978228288
10,912,3,978225708
10,913,3,978225900
10,1374,4,979168160
10,914,5,978226805
10,1375,4,978228212
10,915,5,978227215
10,1376,4,979168132
10,1377,3,978229894
10,916,5,979168424
10,918,5,978227215
10,919,5,978225561
10,1012,3,978227462
10,3481,4,978225050
10,2826,4,978230540
10,3629,3,978225428
10,1015,3,978230923
10,1016,5,978229171
10,1954,3,978225735
10,1019,4,978227763
10,1884,2,978229772
10,3489,4,979168295
10,1959,5,978230330
10,344,4,978229343
10,24,3,978230586
10,2321,4,978227336
10,275,4,979776321
10,2324,5,978226287
10,2252,5,980638688
10,277,3,978226147
10,1380,5,978229336
10,920,5,978227029
10,923,3,980638575
10,924,3,979168183
10,3701,3,978227871
10,3702,3,978226103
10,780,5,978228625
10,3703,2,978226805
10,1387,3,978225952
10,926,4,978226212
10,3704,2,978228364
10,1020,3,978228726
10,784,3,978230946
10,858,3,978224375
10,1022,5,979775689
10,2762,5,978225541
10,1023,5,979775485
10,1961,5,979775330
10,1025,4,978228074
10,2693,5,980638633
10,1028,5,978226068
10,1967,5,978227442
10,351,4,978229562
10,32,5,979168160
10,282,5,978229716
10,356,5,978226833
10,357,5,979167887
10,2405,4,978230754
10,2407,5,979168184
10,2336,5,978226165
10,3066,2,978226866
10,2193,5,979168295
10,932,2,979167985
10,1394,3,979168401
10,938,4,978229273
10,1101,4,978228153
10,1030,3,978230946
10,2770,4,978230253
10,1031,4,978228546
10,1104,4,978227263
10,1032,4,978228428
10,2918,5,978225922
10,1035,5,979775485
10,435,4,978229498
10,364,4,978226698
10,292,4,978228798
10,367,4,979168267
10,3072,4,978228930
10,368,4,978227003
10,48,4,978230090
10,1544,4,978224749
10,1617,3,979775159
10,943,4,978227166
10,3723,4,978226896
10,1042,5,978228601
10,2858,3,978224627
10,370,3,978229389
10,2423,5,978228930
10,3153,2,978229791
10,2424,5,978229666
10,3155,5,978224705
10,2355,4,978226500
10,3086,4,978227574
10,3087,5,978226500
10,953,5,978226474
10,954,5,978225922
10,3809,5,978228451
10,3591,5,978228525
10,2863,4,978226443
10,1124,5,978229075
10,3593,4,979776253
10,2791,4,978224705
10,1125,4,978229562
10,520,4,978230923
10,3668,4,979167795
10,1127,4,979168108
10,2795,3,979168510
10,1129,4,979168210
10,2797,5,979168267
10,1059,5,979168008
10,2501,5,978226402
10,527,4,979775615
10,2431,5,978229147
10,62,5,978227051
10,1704,5,980638575
10,3309,3,979775054
10,1633,4,978229266
10,2436,5,978229227
10,2291,4,978226896
10,3095,4,978226212
10,2294,4,978227625
10,3097,5,978226951
10,1566,3,978230330
10,1639,2,979167795
10,3099,3,978230170
10,3812,4,978229959
10,2000,5,978226319
10,963,5,978227669
10,2001,4,978227669
10,1200,5,979168160
10,2002,4,978229562
10,1201,2,978225853
10,2003,4,978227807
10,3671,4,978226287
10,1203,3,979775159
10,2005,4,978229459
10,1204,4,978225456
10,2006,3,979167842
10,969,3,979167867
10,2872,4,978226186
10,3675,5,978224779
10,2946,3,979168591
10,898,4,979167630
10,2009,4,979168210
10,2874,5,978227188
10,899,4,979167758
10,1135,4,978229435
10,2948,4,978227166
10,1136,4,979168424
10,539,5,978227239
10,2371,4,978227625
10,3247,4,978227481
10,3174,4,978228364
10,3175,5,979168132
10,2375,4,978230090
10,1573,5,978229389
10,104,3,978227551
10,2378,3,978230187
10,971,5,978227551
10,2011,4,978228118
10,3751,5,978224549
10,1210,4,978224400
10,2012,5,978228174
10,2015,5,978228601
10,1214,4,978225800
10,1215,4,978225824
10,2018,4,978227993
10,1073,5,979168267
10,3688,3,978230022
10,2959,3,978226165
10,541,5,978225630
10,542,4,978230386
10,1148,5,978225541
10,543,4,978228848
10,1079,5,978225800
10,3252,3,978228727
10,1721,3,979167842
10,3254,3,978230540
10,3255,4,978227143
10,2453,4,978228798
10,110,4,978225853
10,1580,5,978226401
10,1653,5,978227239
10,2529,4,978226866
10,1654,5,979168346
10,3259,5,978228644
10,1583,4,978230461
10,1584,5,979168108
10,3189,4,978225033
10,116,3,979775053
10,1586,4,978229979
10,2021,4,979168295
10,1220,4,978227912
10,1221,3,980638633
10,1223,5,979168470
10,1225,4,979775131
10,1080,5,978225824
10,2967,4,978227848
10,2968,4,979168160
10,551,3,978224549
10,1084,4,978226698
10,3699,5,978226866
10,480,4,978224705
10,1088,5,978227300
10,2530,3,978230586
10,3408,4,978225070
10,3264,3,978230671
10,3194,4,978226349
10,2393,4,978228074
10,3198,3,978226212
10,2396,5,979167660
10,2398,5,979775266
10,2100,5,978226739
10,2399,4,978224821
10,1302,5,978225779
10,1230,4,978226968
10,2105,5,979168309
10,1304,3,979168618
10,2033,3,978224675
10,1233,4,979775521
10,2108,5,979167867
10,1234,4,978225630
10,1307,5,978226546
10,2109,4,978229007
10,1091,3,978229753
10,1097,5,979168108
10,2470,5,978228118
10,2617,4,978227696
10,3347,5,979775575
10,203,4,978230426
10,1676,4,978229028
10,208,4,978230132
10,2111,4,978228798
10,2040,4,978227003
10,2041,3,978227300
10,2115,5,978227934
10,1240,5,979775448
10,3928,4,978228307
10,2043,5,978228989
10,1243,5,978227300
10,2045,3,978228575
10,2046,4,978228966
10,2047,4,978229459
10,1247,3,979167795
10,2049,5,978229624
11,1753,4,978904024
11,1682,1,978902586
11,216,4,978904376
11,2997,4,978902286
11,1259,3,978903041
11,1188,4,978220319
11,2706,2,978902286
11,586,1,978904356
11,587,3,978219045
11,2639,2,978902477
11,2136,1,978903743
11,1265,3,978219815
11,2710,3,978220867
11,663,4,978904024
11,590,3,978902349
11,1197,5,978903297
11,2712,1,978220669
11,1198,4,978218913
11,593,5,978219607
11,1916,4,978220867
11,597,3,978220521
11,3448,4,978903351
11,231,3,978904192
11,1777,4,978903927
11,2076,4,978908976
11,1278,3,978903297
11,1923,5,978220393
11,2580,5,978220030
11,1784,5,978219917
11,318,5,978219547
11,246,4,978902439
11,249,3,978220645
11,1358,5,978219776
11,1288,4,978903107
11,2804,5,978902902
11,3608,4,978903365
11,2806,1,978904615
11,3396,1,978903107
11,3101,1,978902406
11,2598,1,978904299
11,2302,4,978220896
11,3105,5,978219702
11,3107,3,978221143
11,2306,1,978904849
11,764,5,978219869
11,2746,4,978903773
11,333,4,978904356
11,1441,3,978902349
11,2174,4,978903278
11,3552,1,978903278
11,778,4,978219895
11,2683,4,978904242
11,342,3,978221632
11,1887,2,978902286
11,345,4,978220669
11,272,2,978902477
11,2321,3,978903107
11,2325,3,978904615
11,3129,4,978903701
11,2329,5,978220030
11,784,2,978904376
11,2907,2,978904916
11,2762,5,978219815
11,788,1,978904053
11,2766,4,978903209
11,3499,2,978902477
11,356,5,978903209
11,357,1,978903395
11,36,3,978902405
11,2335,3,978904795
11,1461,1,978904682
11,1394,4,978902965
11,2918,5,978903129
11,435,1,978904682
11,47,3,978902560
11,3146,3,978904939
11,3148,4,978220521
11,1546,4,978902521
11,1042,2,978221225
11,2858,5,978219634
11,440,2,978220361
11,441,3,978220561
11,515,3,978220867
11,50,5,978219607
11,2355,1,978902350
11,2282,4,978902522
11,2359,2,978903379
11,3809,5,978903728
11,2791,4,978903186
11,2795,5,978903701
11,1059,4,978220622
11,454,2,978220930
11,1701,4,978221676
11,3160,4,978220432
11,2431,2,978904634
11,1704,5,978219701
11,2507,1,978904711
11,1563,5,978221617
11,1498,3,978221017
11,1136,4,978902965
11,531,3,978902521
11,608,5,978219667
11,3174,2,978903658
11,3249,1,978221581
11,3176,3,978221069
11,1573,1,978221307
11,3178,4,978221047
11,104,5,978903811
11,1213,4,978902439
11,3755,3,978219385
11,2883,3,978903186
11,2959,5,978220687
11,543,5,978219917
11,3255,3,978220577
11,3182,1,978909052
11,85,1,978902286
11,110,3,978902349
11,88,4,978904663
11,986,1,978220829
11,1080,4,978903076
11,551,3,978221164
11,480,4,978220743
11,481,5,978221260
11,1089,5,978219776
11,1732,4,978903927
11,2539,4,978904142
11,1665,2,978904327
11,2396,2,978902561
11,994,5,978219733
11,2106,3,978902560
11,2109,5,978903658
11,1307,3,978903076
11,708,1,978902586
11,3418,5,978219776
11,1673,3,978902350
11,1747,3,978220867
11,1244,4,978903024
12,1252,3,978220237
12,3362,3,978220273
12,1193,4,978220179
12,1198,5,978218949
12,593,5,978220193
12,813,3,978218949
12,3897,4,978218949
12,2804,5,978220237
12,919,5,978220120
12,923,5,978220237
12,858,5,978218949
12,934,2,978218568
12,3658,4,978220216
12,1641,3,978218568
12,111,5,978220179
12,1221,5,978218949
12,3265,4,978218916
12,1303,4,978218916
12,1233,3,978220120
12,999,4,978218568
12,2616,1,978218568
12,3785,3,978218568
12,1247,3,978220216
13,2987,3,978202328
13,648,3,978201927
13,2628,3,978201987
13,2054,3,978202563
13,1259,4,978202246
13,589,5,978201811
13,1690,3,978202057
13,2,3,978202563
13,153,3,978202125
13,1331,4,978201342
13,2135,3,978202543
13,1262,4,978202201
13,1196,5,978201342
13,590,4,978202246
13,1197,4,978201320
13,736,4,978202073
13,1198,5,978202201
13,2640,3,978202377
13,592,3,978202377
13,2641,3,978202563
13,593,5,978201672
13,2571,5,978201740
13,165,3,978201946
13,316,3,978202524
13,318,4,978201660
13,1429,3,978201843
13,1356,4,978201843
13,1287,5,978202219
13,329,4,978201987
13,3036,3,978202524
13,2161,4,978202353
13,1291,4,978201320
13,2094,3,978202089
13,1009,2,978202563
13,3479,4,978202283
13,10,3,978201884
13,260,5,978202219
13,1370,3,978201859
13,1372,4,978201884
13,1446,3,978201711
13,1374,4,978202328
13,1375,3,978202563
13,1376,3,978202353
13,1377,3,978202039
13,919,4,978202201
13,2822,3,978202577
13,2686,4,978201777
13,21,3,978201884
13,349,3,978202353
13,1527,4,978201859
13,780,4,978201927
13,3494,2,978202393
13,421,5,978202491
13,1967,3,978202377
13,1393,3,978201740
13,2916,3,978201927
13,434,3,978202151
13,1610,3,978201761
13,3070,1,978202328
13,2414,2,978202433
13,368,2,978201969
13,296,4,978201368
13,1544,4,978202073
13,1479,3,978202104
13,1049,3,978202073
13,517,3,978202151
13,50,4,978201724
13,952,3,978202328
13,1127,4,978202328
13,1129,3,978202328
13,380,3,978201927
13,527,5,978201660
13,60,2,978202491
13,457,2,978201811
13,459,3,978202039
13,2002,3,978202104
13,2005,2,978202433
13,3745,3,978201368
13,2006,3,978201843
13,1204,5,978202201
13,2871,3,978202282
13,2370,4,978202417
13,3175,3,978202377
13,1210,4,978202282
13,1216,3,978202491
13,1073,3,978202246
13,1722,3,978201969
13,3256,3,978201946
13,2528,3,978202524
13,1580,4,978201884
13,110,4,978201777
13,1587,3,978202543
13,2028,4,978201687
13,2968,3,978202417
13,3699,3,978202417
13,552,3,978202543
13,480,4,978202328
13,3269,3,978202524
13,2105,3,978202393
13,1233,3,978201811
13,1097,5,978201368
13,3417,3,978202283
13,3418,3,978201825
13,2616,3,978202089
13,2470,3,978202524
13,2617,3,978201969
13,2115,3,978202417
13,2046,4,978202417
14,3354,3,978200924
14,2997,5,978200689
14,1263,5,978201280
14,2572,1,978200645
14,2731,4,978201317
14,3033,4,978200320
14,2243,3,978200300
14,3623,3,978200924
14,2826,2,978200645
14,2686,5,978200975
14,2762,5,978201003
14,2692,4,978200975
14,2694,1,978200689
14,1968,2,978200300
14,3578,4,978200828
14,296,5,978201244
14,2920,5,978200528
14,1982,1,978200340
14,2858,3,978200645
14,3081,4,978201003
14,608,1,978201244
14,2959,2,978200800
14,1225,4,978201317
14,2396,4,978201003
14,2976,3,978200300
15,3421,4,978196170
15,648,4,978212463
15,3354,2,978196692
15,2485,3,978196817
15,141,4,978198350
15,2126,3,978212274
15,2058,3,978198516
15,3798,4,978196866
15,2997,2,978196418
15,653,2,978212570
15,2702,1,978196848
15,2706,4,978196348
15,2707,4,978196389
15,587,3,978198535
15,2490,4,978196741
15,1909,4,978198907
15,2567,4,978198847
15,3298,4,978196418
15,2496,3,978198493
15,3004,2,978196389
15,3005,4,978196442
15,6,4,978198250
15,3948,3,978197734
15,1265,3,978198201
15,805,4,978198420
15,1193,4,978199279
15,733,3,978212698
15,3510,5,978361393
15,1196,4,978212628
15,2712,3,978196521
15,1198,4,978196126
15,2640,3,978212720
15,593,4,978199279
15,1840,2,978197493
15,2571,4,978197870
15,300,4,978197928
15,2719,3,978196579
15,231,2,978198790
15,160,2,978212507
15,1777,3,978198394
15,161,4,978212013
15,1411,3,978211800
15,1343,3,978198323
15,1271,3,978198104
15,748,3,978196103
15,2724,3,978196817
15,1923,4,978198104
15,2581,3,978196692
15,3386,2,978212416
15,1783,2,978212494
15,1784,3,978198125
15,318,4,978197830
15,1422,4,978212463
15,3534,3,978196348
15,3461,4,978212698
15,3535,2,978197348
15,2598,3,978196775
15,2302,3,978198379
15,1500,3,978212166
15,3105,3,978198125
15,257,3,978212463
15,3108,4,978198616
15,2161,2,978212698
15,1291,2,978212645
15,832,4,978198581
15,762,3,978212352
15,2676,3,978196625
15,260,4,978212645
15,3113,4,978196499
15,266,4,978198907
15,1370,4,978198772
15,3623,3,978196692
15,3624,4,978197054
15,2826,4,978196348
15,2683,4,978196389
15,1883,3,978198442
15,3489,4,978212591
15,1885,2,978198150
15,2688,3,978196546
15,344,4,978198640
15,2321,2,978198301
15,1527,4,978198581
15,2188,3,978196348
15,780,2,978198735
15,2908,3,978198266
15,2762,4,978196817
15,2763,3,978196866
15,788,3,978198874
15,3566,2,978197314
15,2764,3,978212254
15,2694,4,978196418
15,1892,4,978212431
15,3499,4,978198323
15,1968,4,978196188
15,32,3,978198235
15,356,4,978198169
15,357,1,978198125
15,1608,3,978198379
15,2268,4,978196975
15,1466,4,978212166
15,1396,4,978198442
15,2840,4,978196848
15,2841,4,978196848
15,3717,3,978196546
15,2916,4,978197453
15,2770,1,978196442
15,3646,3,978199149
15,500,4,978198493
15,3578,5,978196546
15,434,3,978212329
15,364,4,978198062
15,1610,4,978198169
15,367,4,978212166
15,3145,3,978198535
15,368,3,978198493
15,47,4,978198104
15,1615,3,978197476
15,296,3,978197928
15,3147,4,978197971
15,2272,3,978198907
15,3148,4,978197985
15,2273,3,978198834
15,1617,3,978212113
15,1619,4,978211867
15,2278,2,978212210
15,3723,4,978198394
15,2858,4,978196348
15,442,3,978198790
15,517,3,978212463
15,50,4,978197842
15,2424,3,978197100
15,3081,3,978198735
15,3155,4,978196389
15,2427,2,978212046
15,1625,4,978198456
15,1485,3,978198548
15,1487,4,978198011
15,524,4,978198150
15,3301,2,978212228
15,380,3,978197453
15,2501,4,978198125
15,527,4,978197830
15,3160,2,978196657
15,1702,3,978212590
15,457,4,978197971
15,2506,2,978198277
15,2433,4,978198735
15,1704,4,978197887
15,1639,2,978198201
15,2000,4,978197004
15,2001,4,978197004
15,2002,3,978197004
15,2006,4,978197453
15,70,2,978212287
15,539,4,978198469
15,73,4,978197903
15,3247,2,978212185
15,3174,4,978196657
15,1644,3,978212494
15,3176,4,978196848
15,1645,3,978212228
15,3178,4,978196210
15,104,4,978198235
15,1210,4,978212663
15,3753,5,978196741
15,1213,4,978212141
15,3755,3,978212752
15,2881,3,978196472
15,2882,3,978196625
15,2959,3,978196521
15,3256,4,978198236
15,1580,2,978197476
15,110,5,978196933
15,1729,2,978212210
15,2387,2,978212312
15,1586,3,978212065
15,2389,4,978212352
15,2961,3,978196848
15,2028,4,978197856
15,553,4,978198649
15,480,4,978197998
15,628,4,978198040
15,3261,2,978198493
15,2605,3,978196499
15,3408,4,978196499
15,1804,4,978212312
15,1805,4,978212185
15,1732,3,978198601
15,2391,3,978198150
15,2539,2,978199023
15,2394,4,978196775
15,2396,4,978196817
15,1597,4,978212463
15,3773,2,978199167
15,1092,4,978198581
15,1810,4,978198834
15,3418,3,978198062
15,2617,1,978197517
15,1672,4,978198442
15,1673,3,978198818
15,2115,4,978212720
16,2987,3,978174795
16,2555,2,978174296
16,2629,2,978174639
16,1682,4,978174296
16,2485,3,978174755
16,2701,2,978174795
16,2568,1,978174671
16,3004,3,978174414
16,1269,4,978174240
16,2713,2,978174639
16,1911,3,978174535
16,3516,3,978174414
16,2643,3,978174188
16,2572,4,978174414
16,3016,2,978174490
16,2720,1,978174597
16,2722,2,978174490
16,2723,2,978174671
16,2724,4,978174755
16,2581,4,978174695
16,2805,3,978174671
16,266,2,978174188
16,2828,1,978174535
16,2683,4,978174414
16,2761,4,978174639
16,2699,5,978174414
16,2770,3,978174443
16,2856,1,978174597
16,2355,5,978174443
16,2369,5,978174535
16,3175,4,978174568
16,2888,3,978174535
16,2392,2,978174639
16,2394,5,978174720
16,2975,5,978174443
17,1179,5,978160157
17,2553,4,978160616
17,2554,3,978160739
17,3932,3,978160437
17,3863,3,978158779
17,3793,4,978158689
17,1253,5,978160616
17,720,5,978159210
17,2058,3,978160129
17,1185,5,978158471
17,3503,5,978160490
17,589,5,978159435
17,1909,4,978160848
17,223,4,978159762
17,3006,4,978159859
17,1408,5,978159642
17,3879,4,978158689
17,1265,5,978159784
17,1193,5,978158471
17,3510,4,978158656
17,1196,5,978160436
17,590,4,978159683
17,2640,4,978160887
17,593,5,978159289
17,595,5,978159762
17,2571,4,978159435
17,300,5,978159815
17,3375,4,978160887
17,235,5,978159815
17,162,5,978159435
17,1779,2,978158536
17,163,4,978160304
17,164,4,978161166
17,2140,4,978160792
17,1343,4,978158536
17,1270,5,978158536
17,1274,5,978160490
17,741,5,978159351
17,1921,4,978160616
17,3527,4,978160546
17,1923,4,978159859
17,3457,3,978158845
17,2657,5,978160933
17,316,4,978161068
17,318,5,978159234
17,319,4,978159896
17,247,5,978159989
17,1428,3,978159762
17,1356,4,978160792
17,750,5,978160490
17,1284,5,978159013
17,1358,4,978160178
17,2660,4,978160437
17,2661,4,978160739
17,2662,5,978160680
17,2663,3,978160933
17,2664,5,978160546
17,2667,2,978161068
17,2668,2,978160933
17,2599,3,978159762
17,3032,3,978161068
17,329,3,978161068
17,3033,4,978160993
17,3108,3,978160157
17,2093,4,978160887
17,3471,4,978160490
17,260,5,978160436
17,2311,4,978161068
17,3114,5,978159386
17,1370,3,978160075
17,2173,5,978161068
17,198,4,978160680
17,913,5,978159013
17,1374,4,978160792
17,1376,5,978160792
17,3624,4,978158656
17,2752,4,978158471
17,3484,2,978158845
17,1019,5,978160993
17,340,3,978160129
17,24,3,978160933
17,2321,5,978160304
17,1527,5,978160260
17,3700,4,978160792
17,924,5,978160490
17,3701,4,978160848
17,3702,3,978160616
17,780,4,978160993
17,3703,5,978160546
17,2901,4,978160848
17,3704,4,978160848
17,2908,3,978159713
17,2762,5,978159467
17,3638,2,978160993
17,30,5,978159142
17,32,5,978160490
17,428,5,978159784
17,1601,3,978161166
17,356,5,978159896
17,34,5,978159683
17,2407,4,978160848
17,2268,4,978159683
17,1396,3,978160792
17,3713,4,978159210
17,2912,4,978160228
17,866,5,978159315
17,3717,4,978158779
17,2916,5,978160546
17,3576,4,978160616
17,503,2,978159568
17,3578,5,978158656
17,1610,4,978159762
17,293,5,978159683
17,3070,5,978160848
17,1614,5,978158471
17,296,5,978159386
17,3147,4,978159989
17,3148,5,978159989
17,2346,3,978160887
17,1617,5,978161166
17,942,4,978159040
17,3658,4,978160739
17,2858,5,978159467
17,50,5,978159289
17,446,5,978159351
17,1624,3,978159642
17,3156,4,978160993
17,2355,4,978159683
17,2282,4,978160337
17,2287,4,978160680
17,2288,4,978160616
17,2289,4,978159713
17,3662,3,978160739
17,3594,3,978158779
17,1127,4,978160616
17,1129,4,978160792
17,3300,4,978158689
17,2501,4,978159815
17,1997,4,978158656
17,527,4,978159210
17,454,4,978160260
17,529,4,978160304
17,457,5,978159859
17,1704,4,978159386
17,1635,4,978160304
17,1200,4,978160436
17,3744,3,978158733
17,3745,4,978158656
17,968,4,978160739
17,1206,5,978160490
17,2009,3,978160993
17,1069,4,978159013
17,3246,4,978160129
17,76,4,978160887
17,3175,5,978160792
17,1573,2,978160848
17,2377,5,978160993
17,2010,4,978160436
17,2011,5,978160933
17,3751,4,978158656
17,1210,4,978158536
17,3827,4,978160887
17,1213,4,978159386
17,3755,3,978158733
17,1214,5,978160436
17,1215,4,978160546
17,610,4,978160993
17,541,5,978158919
17,1077,5,978160680
17,2526,2,978161068
17,3256,4,978160337
17,2527,4,978160680
17,2454,2,978160933
17,2528,3,978160848
17,2455,4,978160739
17,1653,5,978160680
17,1580,4,978160933
17,110,4,978159386
17,2529,4,978160546
17,1729,4,978160337
17,1584,4,978160616
17,2021,5,978160993
17,2028,5,978159289
17,3696,3,978161068
17,3699,4,978160739
17,2600,3,978160887
17,480,4,978160075
17,628,4,978159989
17,3334,3,978159013
17,2533,3,978161068
17,3267,4,978160304
17,3269,3,978160848
17,2396,4,978159467
17,1594,4,978160129
17,1301,5,978160680
17,2105,4,978160933
17,707,4,978161166
17,1097,3,978160616
17,2613,3,978160792
17,3417,5,978160437
17,2542,4,978160337
17,3418,4,978159568
17,496,3,978159989
17,2549,3,978158536
17,1748,5,978160157
17,3927,4,978160933
17,1240,5,978160490
17,2116,4,978160993
17,2117,4,978160680
17,2046,4,978160887
17,2985,5,978160933
18,2987,5,978154285
18,2989,5,978153344
18,2622,5,978152574
18,648,4,978153370
18,2628,4,978152515
18,1682,4,978156582
18,1683,5,978157434
18,1688,4,978154834
18,2123,3,978155097
18,2052,3,978155273
18,3793,5,978153146
18,2054,3,978152541
18,2993,5,978153192
18,1185,5,978156822
18,1259,5,978154361
18,1186,1,978156664
18,653,3,978152541
18,2701,3,978154031
18,586,4,978155233
18,3438,2,978152574
18,1907,5,978154962
18,588,5,978154798
18,3439,1,978153977
18,589,5,978153053
18,1690,1,978153649
18,222,3,978156638
18,1,4,978154768
18,2,2,978152541
18,153,3,978153795
18,158,4,978154534
18,2133,3,978154534
18,2137,5,978154798
18,1408,5,978153146
18,3877,1,978154123
18,2139,5,978154798
18,1193,4,978156168
18,1196,5,978152973
18,590,4,978154388
18,3440,1,978153811
18,1197,5,978154361
18,736,1,978154572
18,1198,5,978152973
18,737,1,978154005
18,592,4,978153219
18,594,5,978154834
18,595,5,978154834
18,596,4,978154834
18,2718,2,978157105
18,3448,4,978157295
18,2573,4,978157068
18,1918,3,978155837
18,302,5,978156954
18,232,4,978156766
18,163,5,978153303
18,2140,4,978152454
18,1411,5,978156232
18,2141,5,978155039
18,2142,3,978155072
18,168,1,978154572
18,2143,5,978152573
18,2145,3,978157195
18,1344,3,978154296
18,1271,5,978156999
18,2076,3,978156794
18,1274,5,978154332
18,741,5,978154907
18,3889,1,978154050
18,1275,5,978153241
18,2078,4,978154834
18,2723,1,978154589
18,3526,3,978156893
18,3527,2,978153241
18,313,4,978154962
18,1784,4,978156849
18,249,4,978157082
18,2153,3,978154123
18,2080,5,978154798
18,2081,5,978154931
18,2082,4,978155318
18,2083,5,978155293
18,1282,5,978154834
18,2085,4,978154907
18,1357,5,978156876
18,2087,4,978152486
18,2089,4,978154982
18,3461,3,978154388
18,2807,1,978153701
18,2735,3,978154650
18,2739,5,978156836
18,3396,5,978155165
18,3397,5,978155207
18,3398,5,978155234
18,3399,4,978155339
18,327,3,978153894
18,1500,4,978155654
18,3034,5,978154834
18,3108,4,978156893
18,2161,5,978152486
18,2090,5,978154982
18,902,5,978152203
18,2093,3,978152515
18,1291,5,978153033
18,2167,4,978153370
18,2096,5,978154907
18,1367,1,978152203
18,838,4,978157335
18,839,1,978154050
18,1005,1,978155434
18,1873,5,978156055
18,3479,5,978154409
18,405,1,978153874
18,10,5,978153344
18,1876,3,978153584
18,260,5,978152454
18,261,5,978157259
18,262,5,978155186
18,266,3,978157412
18,17,4,978156535
18,2248,4,978156430
18,1377,2,978153649
18,1378,4,978153683
18,1379,3,978153874
18,3623,1,978153453
18,919,5,978154361
18,1013,3,978155293
18,2826,4,978153540
18,778,5,978156753
18,1954,3,978153076
18,1882,1,978154104
18,412,5,978156986
18,1956,4,978156476
18,2686,5,978156368
18,3489,4,978152574
18,26,4,978157335
18,29,3,978154361
18,2253,1,978153936
18,920,5,978156444
18,1527,4,978153329
18,780,3,978153540
18,3703,5,978153104
18,1387,4,978153033
18,3704,4,978153493
18,3705,3,978154005
18,3633,5,978153219
18,783,3,978154962
18,3635,5,978153146
18,1022,5,978154907
18,1960,5,978156549
18,2763,3,978153370
18,3639,5,978153146
18,2764,4,978155766
18,1962,5,978156664
18,1025,4,978154962
18,3494,4,978154433
18,421,4,978154467
18,1028,5,978155186
18,1029,4,978154931
18,1967,5,978152515
18,1968,5,978156582
18,353,5,978153426
18,2402,2,978153894
18,34,5,978155186
18,2404,2,978153977
18,1606,2,978153977
18,2336,5,978156489
18,288,4,978153612
18,2193,5,978153476
18,1391,3,978153583
18,2194,4,978155766
18,2268,4,978156753
18,1396,4,978155721
18,2916,3,978153241
18,1032,4,978154907
18,1033,4,978154982
18,1036,3,978153033
18,3578,4,978153104
18,434,2,978153612
18,364,5,978154798
18,291,1,978152203
18,292,4,978153513
18,44,4,978153795
18,2414,4,978153453
18,367,4,978152486
18,368,3,978153219
18,47,1,978155654
18,296,5,978155542
18,48,4,978155072
18,1617,5,978154270
18,1544,3,978153771
18,2348,3,978156476
18,940,4,978154433
18,2278,3,978155785
18,3723,4,978157195
18,2858,5,978156168
18,1049,1,978154621
18,50,5,978155510
18,2421,1,978154693
18,2422,1,978154031
18,377,2,978153219
18,1552,1,978154572
18,2355,5,978154798
18,1126,1,978152596
18,3668,3,978156936
18,2797,4,978152454
18,380,3,978153303
18,527,5,978156146
18,454,3,978157412
18,1702,4,978152573
18,2291,5,978156714
18,1635,1,978156936
18,1562,1,978154104
18,2294,4,978154931
18,1639,4,978156954
18,2000,4,978153146
18,2001,3,978153303
18,2002,4,978153557
18,1200,4,978153033
18,1499,1,978154104
18,1201,4,978152999
18,2005,5,978152515
18,2006,3,978153303
18,969,5,978153033
18,2872,5,978152515
18,1207,5,978156168
18,2947,5,978153076
18,2948,5,978153170
18,1064,2,978155020
18,531,5,978155207
18,532,1,978155861
18,1711,4,978155816
18,466,3,978153683
18,2370,5,978153453
18,3247,4,978155837
18,1643,5,978157031
18,3175,5,978154433
18,2373,3,978153894
18,2375,4,978152203
18,3751,5,978154798
18,1210,5,978153076
18,3753,3,978153170
18,2951,4,978153146
18,2014,2,978155339
18,2953,1,978155409
18,1215,5,978153170
18,2018,4,978154907
18,2019,5,978152973
18,1073,4,978152454
18,2959,4,978156664
18,616,5,978155020
18,546,2,978154104
18,3252,4,978156893
18,2450,1,978154693
18,1721,4,978157031
18,475,4,978157031
18,3255,4,978156876
18,3257,2,978153771
18,1580,5,978153303
18,110,5,978152973
18,86,3,978157068
18,1654,4,978152596
18,2384,2,978155233
18,1587,4,978154534
18,2020,5,978156773
18,2021,4,978152486
18,2025,2,978156808
18,2028,5,978152973
18,2893,2,978153370
18,3698,3,978153796
18,551,5,978155207
18,552,2,978153540
18,555,4,978153192
18,1801,1,978153513
18,1089,5,978155654
18,3260,5,978156726
18,1804,3,978155874
18,485,2,978153854
18,1805,4,978155816
18,1732,3,978155766
18,2391,1,978155685
18,95,1,978153557
18,1591,1,978154005
18,3269,4,978154505
18,2394,4,978154907
18,1739,1,978153912
18,3911,1,978152319
18,2100,4,978152486
18,2105,4,978153476
18,1234,5,978155529
18,1094,4,978156595
18,1097,5,978152454
18,493,3,978155721
18,2542,4,978155706
18,3418,1,978153104
18,2616,4,978152203
18,2470,3,978154505
18,2617,1,978153540
18,1676,3,978153683
18,1678,5,978156714
18,208,1,978153771
18,2115,5,978153303
18,2042,1,978155392
18,1240,5,978153104
18,2116,4,978154452
18,1242,5,978152999
18,1246,5,978156549
19,2987,4,978555881
19,2989,4,978147099
19,3421,3,983074250
19,2622,5,978300144
19,648,3,978147357
19,2628,3,978147137
19,1753,3,978554208
19,1682,4,978299817
19,1756,4,978555553
19,3930,3,978555317
19,1321,4,978555222
19,3863,4,978554522
19,2990,3,982190719
19,3793,4,978299772
19,2991,5,978146910
19,720,5,978555994
19,2993,4,978146910
19,1327,2,978555404
19,1258,5,978555104
19,2700,4,978554164
19,1259,4,978147476
19,1188,5,978556835
19,2633,3,978555317
19,2707,4,979428881
19,2490,2,978147395
19,588,4,978556083
19,589,4,982190992
19,2638,4,978555104
19,1909,4,978299520
19,2568,3,979429449
19,223,5,983074267
19,1,5,978555994
19,3948,4,983074230
19,1407,4,978300170
19,1334,3,978555404
19,1261,5,978147253
19,2137,3,978556083
19,2064,3,978556835
19,1262,3,982190630
19,2139,4,978556036
19,1265,4,978556955
19,1339,4,978555441
19,1193,5,982730936
19,733,5,978147210
19,3510,5,979429182
19,2710,3,978555360
19,1196,5,978146799
19,1197,4,978146863
19,1198,4,978146799
19,2713,2,982190719
19,2640,3,978147266
19,1911,3,979429033
19,592,4,978555732
19,593,5,978146713
19,594,3,978556036
19,2716,4,978299947
19,595,3,978556083
19,2717,5,978299947
19,2644,4,978555222
19,2571,4,978146984
19,596,4,978556129
19,2719,3,979429270
19,2646,2,978555104
19,2647,2,978555104
19,2574,3,982190791
19,1918,5,978299673
19,1772,4,978299844
19,2648,4,978555104
19,2649,1,982190917
19,165,5,978147253
19,1340,3,978555317
19,1270,5,978557301
19,1345,3,978555317
19,741,2,978555994
19,3889,3,983124158
19,1275,5,983124158
19,2078,5,978556177
19,1277,4,978146882
19,1278,5,978556399
19,2720,1,982190694
19,3527,4,978147210
19,2653,1,982190917
19,318,4,994556598
19,1350,4,978554892
19,2080,4,978556129
19,2081,3,978556083
19,1282,3,978556177
19,2085,4,978556129
19,1356,5,978299588
19,2087,4,978556036
19,2089,3,978556129
19,3461,4,978555914
19,2662,3,978147043
19,1792,3,978147395
19,2599,4,978556779
19,329,5,978299588
19,2160,2,978555141
19,1431,2,983124187
19,1291,4,978146984
19,2094,2,978147334
19,2096,3,978556036
19,3471,2,978557164
19,2746,4,978555317
19,330,4,978555441
19,405,1,983124158
19,10,5,978147137
19,260,3,978146799
19,3114,4,978147462
19,17,4,978554393
19,1370,4,978147137
19,1371,2,978147395
19,198,3,978557492
19,1372,4,978147232
19,1373,2,978299588
19,1374,5,978299588
19,1375,3,978147192
19,842,2,978555404
19,1376,3,978147210
19,3623,2,979429449
19,919,4,978555814
19,3624,5,978146984
19,3552,3,978556909
19,2683,4,979428881
19,2687,4,978556129
19,2321,4,978299636
19,2324,5,978556331
19,1527,3,982190563
19,3701,3,978557438
19,1387,5,978555141
19,3633,5,978147017
19,3635,5,978146939
19,858,4,978555606
19,785,4,979429334
19,2761,2,978556036
19,1022,3,978556177
19,2762,5,979427947
19,3638,4,978147060
19,2836,4,982295349
19,1961,5,982381393
19,3639,4,978146984
19,1025,3,978556129
19,2692,5,978146863
19,420,4,978299698
19,2694,4,978299903
19,1029,4,978556129
19,2699,1,978147232
19,32,4,982190271
19,356,4,978556909
19,34,3,978556367
19,3208,3,978147313
19,2336,2,982190530
19,1608,3,978147373
19,2338,2,978299555
19,2195,3,978554246
19,2841,5,978300188
19,3717,4,978147410
19,2770,3,979428956
19,2918,4,982190563
19,1036,5,978299725
19,1974,3,982190602
19,3213,3,978556036
19,364,3,978556036
19,1610,2,978147043
19,2414,3,978147292
19,368,2,978147113
19,47,4,978554124
19,940,4,978555732
19,879,1,982190857
19,2782,2,982190791
19,1982,5,978555258
19,2858,5,982210072
19,2789,3,978554929
19,2423,5,978556909
19,3081,4,978555317
19,377,4,978147137
19,3082,5,978147292
19,2353,3,978147253
19,1552,3,978147313
19,2428,1,982190563
19,2355,5,978556083
19,2860,5,978554075
19,2790,3,978554969
19,1127,3,978555732
19,3596,5,978299860
19,1994,5,978555173
19,380,4,978147271
19,1997,5,978555141
19,527,3,978146727
19,2502,4,979429593
19,457,3,978146863
19,2366,4,978146910
19,2367,2,982190694
19,2296,3,978299920
19,2000,4,978299673
19,2001,5,978147099
19,2002,5,978299673
19,1200,3,978555633
19,2004,2,982190660
19,3744,4,978147373
19,1206,4,978557204
19,2947,4,978146939
19,2948,5,978146939
19,2949,4,978146939
19,3174,4,979429390
19,76,1,978300170
19,3175,3,982190630
19,1717,2,978300170
19,1644,3,978299555
19,3176,2,978554289
19,1645,4,978555360
19,1573,4,978557492
19,2376,4,978147165
19,1210,4,978146747
19,3752,4,979429390
19,1214,2,978146863
19,1215,5,980824980
19,1219,5,978555104
19,1073,5,978555881
19,2959,5,979429125
19,1148,4,982381689
19,2888,2,982190530
19,3325,2,979429594
19,1722,4,978299479
19,1650,1,978554433
19,2527,3,978146700
19,2454,4,978555517
19,2455,3,978555222
19,1580,5,978147192
19,110,4,978555662
19,2529,3,978147099
19,111,4,982125019
19,1655,1,982190791
19,1584,3,978557438
19,2021,3,978557357
19,1220,5,978147137
19,2028,4,978146863
19,1080,3,978556835
19,2600,1,982191045
19,480,4,982190693
19,3409,2,982190602
19,3264,4,978555553
19,2393,3,978147017
19,2394,5,978556129
19,1597,3,978147099
19,2103,2,978555881
19,1301,3,978557301
19,1307,4,978554335
19,1234,5,994556636
19,1090,3,978300207
19,2976,5,978850058
19,1097,3,978557204
19,3273,3,978300170
19,2115,3,978146747
19,1240,3,978146863
19,3928,2,978555222
20,648,4,978143369
20,3863,3,978143355
20,589,4,978143508
20,1694,3,1009669071
20,2641,4,1009669115
20,1912,5,978143508
20,2571,5,978143508
20,3527,4,1009669181
20,1923,4,978143576
20,1371,4,1009669227
20,1375,3,1009669115
20,1527,5,1009669181
20,1468,3,1009669071
20,3717,2,1009669071
20,3578,5,978143344
20,47,5,978143306
20,1617,5,978143181
20,2858,4,1009669071
20,457,4,978143508
20,70,4,978143369
20,3753,5,1009669116
20,110,5,978143508
20,2028,4,978143106
20,1240,4,1009669181
21,2987,3,978139382
21,2700,5,978139382
21,2701,3,978138933
21,585,3,978138933
21,588,3,978139423
21,3000,5,978139382
21,1,3,978139347
21,596,1,978139446
21,1274,3,978139347
21,2800,4,978139540
21,3053,1,978138933
21,3704,4,978138977
21,2761,3,978139382
21,2355,3,978139398
21,2294,3,978139446
21,3745,5,978139423
21,1645,1,978138977
21,1210,5,978138977
21,2018,1,978139347
21,3268,3,978138977
21,2394,1,978139446
21,3774,1,978138977
22,2987,4,978135175
22,648,2,978134504
22,3355,1,978137167
22,2628,2,978154891
22,3358,3,978153772
22,1754,3,980066509
22,216,2,978154178
22,1687,3,978137076
22,145,2,980066401
22,1689,3,978154379
22,2122,3,978137167
22,2124,3,978153631
22,2054,2,981605266
22,1253,4,978135771
22,3868,5,978137282
22,3869,4,978137282
22,2997,4,978134761
22,1259,4,978135723
22,585,4,978154051
22,586,3,978154267
22,587,2,978136667
22,3438,2,980066445
22,2490,3,978136925
22,589,4,978154810
22,1909,1,978136804
22,223,4,978153710
22,2133,3,978153139
22,2134,2,978153096
22,1405,3,978135265
22,1261,4,978153115
22,2064,4,978152904
22,1408,3,980066384
22,2138,4,978135175
22,2139,4,978135126
22,1265,4,978153499
22,733,4,980066421
22,1196,4,978134004
22,663,3,978153826
22,1197,3,978134929
22,736,2,978136997
22,1198,4,981605568
22,592,2,978136043
22,2716,4,978152972
22,2717,3,978153283
22,2571,3,978136478
22,2572,2,978154074
22,1917,1,978137060
22,230,2,978136699
22,231,3,978154051
22,161,3,978136175
22,163,3,978136539
22,165,3,980066476
22,3016,3,978155181
22,2141,4,978135265
22,3017,3,978155205
22,2072,4,978153321
22,1270,4,978152904
22,1347,2,978155097
22,671,5,978134995
22,1278,2,978134977
22,818,4,978154486
22,3450,3,978153937
22,1921,4,978136684
22,3526,4,978136083
22,3527,4,991149320
22,1923,3,978153570
22,678,4,981605460
22,312,2,978154091
22,3388,2,978153337
22,316,3,978154862
22,3020,3,980066421
22,318,5,978135389
22,173,3,978154929
22,248,2,978154178
22,2150,3,978153115
22,2081,2,978153170
22,1425,3,978153912
22,3896,2,991149493
22,1282,4,978135153
22,1429,2,980066476
22,1358,4,978135688
22,1288,4,978134875
22,3608,4,978153018
22,3535,2,978136372
22,1792,2,978136908
22,180,4,978153912
22,2302,3,978153826
22,1799,4,980065971
22,256,2,978154976
22,3033,4,978153139
22,257,3,978136997
22,3107,3,980066421
22,185,2,978137099
22,2161,4,981605251
22,3037,2,978134744
22,2163,3,978153321
22,3039,3,978153018
22,1291,4,981605593
22,1438,1,978136973
22,833,2,978154448
22,908,4,991149661
22,2671,2,978154111
22,2746,4,978153139
22,330,3,978153864
22,10,3,980066459
22,1876,1,978154891
22,333,3,978154267
22,3113,1,978137118
22,16,4,978135979
22,1441,2,978154199
22,1370,3,980066401
22,910,4,991149892
22,1517,4,978153593
22,2174,4,978153018
22,2249,4,978154267
22,1377,1,978154032
22,771,5,978134623
22,919,3,978135611
22,3624,2,978134484
22,3552,3,978153080
22,849,3,978137027
22,2826,3,978136940
22,1953,2,978135792
22,1882,1,978155040
22,1883,2,978153733
22,1884,4,991149055
22,3120,3,978154139
22,344,2,978154074
22,2320,3,978137027
22,2321,3,978153751
22,3052,4,978153880
22,2324,5,978134977
22,1527,2,978154862
22,1385,2,980066492
22,780,3,978154891
22,2189,4,978135226
22,1020,2,978154379
22,784,4,978154139
22,858,4,978135406
22,786,1,978137076
22,2762,4,978136462
22,2763,2,980066445
22,1967,4,978152714
22,353,1,978136857
22,2699,1,978136857
22,32,4,978135925
22,429,4,980066054
22,3208,3,978154111
22,2406,3,978153080
22,1606,3,978134004
22,39,2,978153593
22,2263,3,978136783
22,288,2,978136733
22,1608,1,978136874
22,2338,1,978137202
22,2265,4,978152648
22,2193,4,981605251
22,1391,4,978154178
22,2195,4,980066302
22,1394,5,978134744
22,2916,4,978154810
22,2918,4,978134977
22,500,3,978154111
22,1034,4,991149472
22,798,1,978137118
22,799,2,978153772
22,1036,4,978136553
22,3578,5,978134462
22,1974,3,978155205
22,1037,1,978137099
22,3210,3,978153035
22,434,3,980066509
22,292,3,978136836
22,2413,3,978153241
22,2416,3,978153170
22,368,4,978153806
22,47,4,978136641
22,296,3,978135523
22,2273,1,978136925
22,1544,1,978137060
22,2348,4,978135723
22,1476,3,978153912
22,1479,2,978136997
22,2858,5,978134744
22,1047,4,978136641
22,442,2,978154862
22,370,3,978137282
22,2423,3,978153058
22,377,1,978136719
22,1625,3,978136574
22,1552,2,978136925
22,2428,2,978154891
22,1485,1,978154074
22,3660,4,978155249
22,3661,4,978137099
22,3809,4,978153710
22,2791,4,978152972
22,2792,3,978153241
22,1991,2,978155249
22,1127,4,981605320
22,2794,3,978153190
22,2795,4,978152994
22,3300,1,978134462
22,1994,4,978155078
22,2797,3,978153058
22,380,4,978153826
22,454,2,978136616
22,2502,3,978153751
22,3160,4,980065998
22,457,3,980066357
22,65,3,981605647
22,2291,4,978135925
22,1566,2,978135226
22,1200,4,978136441
22,2003,3,978153115
22,2004,3,978154242
22,2005,4,981605251
22,1205,4,978136836
22,1136,4,978134725
22,532,4,978154155
22,608,5,978135545
22,70,4,978136888
22,3243,3,978154199
22,466,3,978154486
22,2371,3,978153096
22,3247,2,978154448
22,3174,4,978153787
22,3176,2,981605503
22,2374,3,978153321
22,1573,4,978136751
22,2376,3,991149140
22,104,3,978153710
22,2011,4,991149352
22,2012,3,978154219
22,1210,3,978134049
22,3826,1,978136372
22,3753,3,978134462
22,1214,4,978134073
22,1215,4,978154012
22,610,4,978135175
22,1073,3,981605583
22,542,3,981605666
22,543,4,978136804
22,546,2,978155040
22,473,2,978154448
22,474,3,978136641
22,2450,3,980066259
22,81,4,978153669
22,3253,4,978152743
22,3254,3,978152743
22,3255,2,978153864
22,3257,1,978136958
22,1653,3,978135868
22,1580,2,978153806
22,110,4,978135627
22,3258,3,978154420
22,111,4,978134073
22,112,2,980066476
22,1584,4,978154810
22,3835,2,978137118
22,1222,4,978135755
22,1225,5,978135474
22,1080,4,978134875
22,3698,4,991149352
22,480,2,978154833
22,555,4,980066372
22,1089,4,978136426
22,485,4,980066544
22,1732,4,978153864
22,2391,4,978136512
22,95,4,978136903
22,3267,3,978136719
22,2393,1,978154862
22,2395,4,978153553
22,2396,2,978134929
22,2100,2,978153058
22,1597,3,978136857
22,3917,4,978155186
22,2108,3,978153733
22,1091,2,978153321
22,708,3,978154074
22,1097,3,991149289
22,2542,4,980065957
22,2616,1,980066509
22,2470,2,978153190
22,2617,3,980066476
22,1673,4,978135833
22,1747,4,978153733
22,1748,4,978136335
22,2478,3,978153283
22,1676,4,978154833
22,208,2,980066243
22,1240,4,978136462
22,2046,4,991149306
22,2985,2,978134049
22,1246,3,978135868
22,1247,4,978135568
23,1248,2,978462452
23,1249,5,978459672
23,3420,2,978465796
23,1179,3,978462452
23,648,4,978460739
23,2553,3,978463956
23,2554,3,978466204
23,2628,4,978464461
23,3358,3,978465537
23,1320,2,978464461
23,3793,4,978460385
23,2054,4,978461513
23,1252,3,978465666
23,720,4,978463614
23,2997,5,978465153
23,1258,4,993706407
23,3503,3,978463956
23,1188,3,978465336
23,3505,4,978466309
23,1189,3,978463137
23,3507,3,978460479
23,3435,4,978462195
23,659,2,978466366
23,589,4,978463892
23,1909,3,978464367
23,1690,5,978464728
23,3000,4,978459672
23,1,4,978463614
23,2,2,978461604
23,2202,3,978466115
23,6,3,978462452
23,1407,2,978466309
23,2064,4,978463137
23,3877,1,978461689
23,1265,5,978465212
23,3510,4,978466366
23,1267,4,978465796
23,661,2,978460739
23,1269,2,978466204
23,1196,5,978463892
23,2712,5,993706558
23,2640,5,978464267
23,1199,3,978463893
23,592,3,978462554
23,2641,3,993706741
23,1912,4,978462554
23,593,4,978133468
23,2642,1,993706986
23,2643,1,993707035
23,595,3,978463711
23,2571,3,978464019
23,1845,3,978465462
23,161,2,978466204
23,235,3,978465419
23,162,2,978463137
23,3952,4,978461000
23,2140,2,978461513
23,1343,2,978466309
23,2148,4,993706741
23,2149,3,993706986
23,1274,3,978463711
23,671,3,978464728
23,3521,1,978462330
23,745,3,978463614
23,2722,3,978464842
23,674,4,978464842
23,3525,2,993706924
23,748,3,978464598
23,3527,4,978464076
23,2726,4,978462195
23,2657,4,978460576
23,1784,3,978465212
23,316,3,978464728
23,317,3,978461513
23,319,2,978466204
23,1356,4,978464367
23,750,4,978463892
23,2808,3,978464728
23,3396,3,993706454
23,3101,2,978466115
23,2599,4,978465404
23,327,2,993706949
23,3104,4,978462555
23,1500,4,978462640
23,3032,5,978464645
23,329,3,978464541
23,3108,4,978465537
23,2160,4,978460152
23,187,3,978465575
23,2091,1,978464842
23,903,3,978465666
23,904,3,978465666
23,908,3,978133428
23,3471,5,978463956
23,3618,3,978460576
23,3474,3,978464645
23,1009,2,978461513
23,3479,3,978461410
23,1876,1,978464598
23,260,5,978461308
23,11,2,978465404
23,2311,4,978464598
23,16,4,978466309
23,2241,3,978460855
23,3044,3,978466204
23,196,4,978133428
23,1517,4,978465504
23,911,5,978466366
23,198,4,978464367
23,2174,4,978461410
23,1372,3,978464541
23,2176,2,978466366
23,1375,3,978464461
23,915,3,993706477
23,1376,4,978464267
23,3624,3,978460153
23,3551,3,978466115
23,3556,3,978459672
23,1953,4,978462275
23,1019,2,978461308
23,3489,2,978461604
23,1958,4,993706513
23,1885,3,978465504
23,21,4,978465404
23,2322,3,978464842
23,348,2,978465537
23,3052,5,993706558
23,29,3,978464076
23,2253,2,978461708
23,1527,5,978464211
23,3700,4,978464211
23,2259,2,993706924
23,924,2,978463956
23,3701,3,978462735
23,3702,1,978464267
23,780,4,978464541
23,3703,2,978464019
23,2901,5,978464211
23,1388,3,993706949
23,3634,2,978465744
23,3708,3,978133468
23,858,5,978462095
23,2761,3,978463711
23,2762,4,978465744
23,3638,5,978464842
23,788,3,978461677
23,2692,5,978462195
23,1965,4,978464076
23,1967,2,978461604
23,2699,2,978464541
23,32,4,978464112
23,34,3,978465212
23,357,1,978465462
23,2407,3,978464211
23,39,4,978465404
23,2409,3,993706924
23,2193,2,978461604
23,2268,3,978462452
23,1396,4,978464461
23,2912,3,978462555
23,866,4,978462330
23,2916,5,978464019
23,2917,5,978462452
23,3576,5,978464076
23,1036,5,978465796
23,3578,4,978459882
23,431,3,978462554
23,435,2,978133468
23,2410,3,993706924
23,2411,2,993706949
23,1610,3,978465796
23,293,2,978462452
23,3070,3,978464461
23,45,4,978465504
23,367,3,978461308
23,47,2,978460152
23,296,5,978462095
23,3147,2,978465744
23,2419,2,978133428
23,1617,2,978462195
23,1544,3,978464842
23,2278,3,978462640
23,2858,4,978459672
23,442,3,978464598
23,50,4,978462095
23,52,4,978465537
23,377,5,978466309
23,1625,4,978466204
23,2355,3,978465404
23,951,3,978459882
23,2288,3,978464211
23,2289,4,978465212
23,3809,4,978465462
23,1127,5,978464112
23,521,2,978462640
23,1129,4,978464367
23,3300,3,978464645
23,1994,4,978466115
23,2797,4,978461410
23,1997,3,978459882
23,2502,3,978465505
23,60,3,978461604
23,457,3,978465744
23,2000,4,978462735
23,3740,5,993706593
23,3741,2,978462640
23,1200,3,978463956
23,2005,1,978461513
23,1204,4,993706407
23,968,4,978464267
23,2871,3,978466309
23,2872,3,978461308
23,1206,3,978464019
23,1060,1,978465404
23,2009,4,978464645
23,2948,4,978460152
23,608,4,978462095
23,2511,3,978462555
23,70,4,978460739
23,76,3,978464461
23,3175,3,978464112
23,1645,3,978462640
23,1573,4,978464367
23,2011,4,978464541
23,3751,3,978459882
23,2012,4,978464728
23,1212,3,978465666
23,2952,2,978462735
23,1213,3,978462195
23,1214,3,978463956
23,1215,4,978464112
23,610,5,978464267
23,1218,5,978465744
23,1219,3,978465666
23,1073,5,978461308
23,541,5,978464019
23,1148,3,978463614
23,1077,4,978464019
23,3253,2,978465505
23,3256,3,978466366
23,2527,5,978464267
23,2454,4,978464367
23,2528,4,978464598
23,2455,4,978464112
23,1653,3,978464112
23,1580,4,978464211
23,2529,3,978464076
23,111,3,978465744
23,2384,3,978465575
23,1729,3,978462735
23,1584,3,978464076
23,2021,2,978461604
23,1221,4,978462095
23,3763,2,978462735
23,1222,5,993706407
23,1223,4,978463614
23,1227,2,978462330
23,2968,4,978461410
23,3698,4,978464728
23,551,4,978460385
23,3699,5,978464019
23,2600,4,978464461
23,480,5,978464019
23,555,3,978462554
23,2530,2,978464842
23,1089,4,978462330
23,556,2,978463137
23,2533,3,978464645
23,1805,3,978462640
23,3338,3,978462816
23,3265,5,978462275
23,2390,2,978465575
23,3266,1,978465462
23,2391,3,978462554
23,2393,3,978464645
23,2395,4,978465505
23,2396,3,978465153
23,125,3,978465419
23,2100,4,978461410
23,3770,5,978464541
23,2105,2,978461410
23,2108,5,978465537
23,1306,5,978464598
23,2973,3,993706369
23,1234,5,978462275
23,1090,3,993706407
23,1097,4,978461308
23,493,4,978462452
23,2542,4,978462735
23,2617,5,993706741
23,1747,3,978465537
23,1674,2,978466115
23,1748,4,978464076
23,1676,3,978464211
23,3920,2,978461308
23,1313,3,978462095
23,1240,5,978463893
23,2117,2,978464541
23,2118,3,978466204
23,1243,3,978465537
23,2119,3,993707016
23,1171,2,978460152
23,3786,4,978460479
23,2985,5,978462640
24,2987,4,978135218
24,3424,4,978132011
24,648,3,978134375
24,3354,1,978132906
24,2628,3,978135358
24,1259,4,978131980
24,3361,4,978132232
24,585,4,978133348
24,3000,4,978134286
24,153,4,978134441
24,2132,5,978132879
24,2064,4,978132232
24,802,3,978133879
24,1263,5,978132794
24,1265,4,978135045
24,1193,5,978136709
24,590,4,978134286
24,1197,4,978132232
24,1198,5,978135169
24,2640,4,978135247
24,592,4,978135247
24,593,5,978132483
24,2716,4,978132276
24,597,4,978133171
24,3448,5,978132163
24,303,4,978134351
24,1777,4,978133171
24,2144,4,978132083
24,2145,4,978132183
24,1270,4,978131939
24,2723,3,978134351
24,3526,4,978132011
24,2657,4,986157459
24,1784,3,978131551
24,1788,3,978133814
24,318,4,978132735
24,175,4,978133814
24,2081,4,978132083
24,1358,5,978132735
24,1288,5,978131980
24,3608,3,978132083
24,2734,3,978134456
24,2301,4,978132128
24,3104,4,978132040
24,329,3,978135339
24,3039,4,978132083
24,902,4,978135045
24,1291,4,978135218
24,1296,5,978132860
24,3471,4,978132879
24,2671,4,978133257
24,260,5,978135156
24,261,4,978133879
24,266,2,978132963
24,2243,4,978132127
24,1441,4,978133237
24,2245,4,978132163
24,2174,3,978132011
24,912,5,978132500
24,2248,4,978132040
24,1377,4,978133200
24,919,5,978135156
24,3552,5,978132040
24,2683,4,978133367
24,2757,4,986157090
24,1958,5,978132183
24,1959,5,986157437
24,3129,4,978133171
24,920,5,978134987
24,3707,1,978131551
24,858,5,978136660
24,2836,4,978133286
24,2692,4,978134987
24,1027,3,978133933
24,1965,3,978132127
24,1968,5,978131551
24,425,4,986157070
24,2406,4,978132128
24,2407,4,978132163
24,1535,4,978134987
24,1394,4,978131928
24,2915,4,978132083
24,2918,4,978132276
24,500,3,978134159
24,3210,4,978132128
24,364,4,978131578
24,3072,4,978132276
24,296,5,978132794
24,2858,4,978132571
24,372,1,978133072
24,50,5,978135062
24,2424,3,978133334
24,3081,4,978134533
24,2352,4,978132040
24,953,5,978132842
24,2791,4,978131980
24,2795,4,978132011
24,1057,4,978133305
24,2797,4,978132040
24,380,3,978134313
24,527,5,978132483
24,3160,3,978132818
24,1704,4,978132818
24,1633,4,978133782
24,1635,4,986156995
24,1569,4,978133237
24,2001,3,978132163
24,608,5,978132668
24,539,3,978133273
24,468,4,978133414
24,3175,4,978135218
24,1213,5,978132571
24,3685,4,978135045
24,1073,5,978135218
24,1079,4,978131980
24,1721,3,978131578
24,3254,4,978133305
24,1580,4,978134324
24,110,4,978132879
24,1584,2,978133665
24,1220,4,978131980
24,2023,3,978133782
24,1221,5,978132463
24,1225,4,978132516
24,2028,5,978132794
24,3699,4,978135218
24,1663,4,978132083
24,2396,4,978134987
24,2100,4,978132163
24,1230,5,978134882
24,1307,5,978131980
24,1090,4,978132818
24,1094,4,978135019
24,1674,4,978134987
24,208,1,978134085
24,1247,4,978132702
25,2987,4,978131283
25,2628,5,978130670
25,3793,4,978131283
25,3798,2,978386265
25,2700,2,978131240
25,1831,2,978132594
25,2709,5,978131137
25,2490,4,978131157
25,588,2,978385998
25,1909,3,978132441
25,223,5,978130919
25,150,4,978132793
25,157,3,978133433
25,1196,5,978132002
25,2712,4,978130991
25,1198,5,978130633
25,737,3,978132853
25,2716,5,978131048
25,2571,3,978132158
25,1917,4,978132586
25,2574,3,978131157
25,1270,5,978132138
25,1920,2,978133433
25,1921,4,978132180
25,1356,5,978132216
25,2804,2,978386028
25,688,4,978133460
25,329,2,978132488
25,1291,5,978132431
25,2094,3,978132504
25,2676,5,978131094
25,1876,2,978132424
25,260,5,978131930
25,3114,4,978131266
25,2173,3,978132620
25,1371,2,978132424
25,1372,5,978132192
25,1373,3,978132829
25,1374,5,978132180
25,1375,3,978132255
25,1376,5,978132234
25,3623,4,978131137
25,2683,3,978130855
25,1882,1,978132853
25,2324,4,978134637
25,2253,4,978130612
25,780,4,978132216
25,1387,3,978132226
25,788,2,978132488
25,2692,5,978131194
25,2693,3,978131266
25,1391,3,978132586
25,3717,4,978131048
25,3578,4,978131048
25,435,3,978132739
25,1610,5,978132793
25,1544,3,978132766
25,3156,5,978132424
25,2355,3,978130895
25,1129,4,978132234
25,2501,5,978132742
25,2502,5,978131157
25,1704,4,978132864
25,1639,4,978386028
25,3745,4,978386228
25,1205,5,978132441
25,3676,1,978132285
25,3174,4,978386112
25,3175,3,978386056
25,1573,5,978132424
25,2011,5,978132424
25,3751,3,978386028
25,2012,5,978132347
25,1210,5,978132138
25,3753,5,978131157
25,546,4,978132960
25,473,3,978133460
25,1653,4,978132180
25,1580,4,978132347
25,110,3,978133273
25,2028,5,978130711
25,480,4,978132180
25,2393,2,978132424
25,2541,4,978386028
25,1676,4,978132563
26,3421,3,978141452
26,3422,3,978271825
26,1179,4,978274105
26,3423,3,978147079
26,719,3,978271742
26,2622,3,978275603
26,648,3,978139685
26,3426,3,978271666
26,2628,2,978143313
26,1682,5,978138796
26,3287,2,978140681
26,2558,3,978271539
26,216,2,978145295
26,217,3,978271309
26,1689,2,978140284
26,2053,1,978145681
26,2054,3,978143348
26,3500,2,978144939
26,2059,1,978139535
26,724,3,978145618
26,3501,3,978141118
26,3502,4,978142789
26,2700,1,978141688
26,1259,5,978141478
26,1186,3,978272167
26,2701,2,978272041
26,3506,4,978273150
26,3360,5,978146594
26,3361,4,978146559
26,3362,2,978272609
26,2706,3,978139135
26,585,2,978139966
26,586,2,978140049
26,1833,4,978139735
26,587,3,978138656
26,588,3,978142422
26,589,3,978271900
26,1,3,978130703
26,3,2,978140022
26,4,3,978145310
26,5,5,978144881
26,7,4,978141783
26,2134,2,978141783
26,2137,3,978273028
26,1409,2,978141204
26,804,4,978145105
26,1265,4,978140876
26,1196,2,978143174
26,736,3,978139735
26,3441,4,978146812
26,2712,3,978139371
26,1198,3,978146540
26,592,3,978146876
26,593,3,978130429
26,2716,2,978146800
26,595,3,978273930
26,597,4,978138759
26,3448,2,978142647
26,1917,4,978140139
26,303,3,978145330
26,231,1,978139639
26,160,3,978272412
26,1777,2,978139056
26,234,3,978140049
26,161,4,978138982
26,1779,3,978145280
26,236,3,978271538
26,237,3,978271539
26,168,4,978141233
26,2144,3,978141583
26,2145,3,978140971
26,1270,3,978271309
26,2146,5,978141178
26,1271,3,978144677
26,1347,2,978146940
26,818,1,978140541
26,3450,2,978139209
26,673,2,978140454
26,3525,3,978146940
26,3526,5,978141602
26,2724,3,978140173
26,1923,3,978138670
26,3528,3,978142812
26,1784,5,978384872
26,315,3,978145667
26,317,2,978143330
26,318,4,978130703
26,248,2,978140284
26,1422,3,978139827
26,2154,3,978271624
26,2081,4,978140997
26,1425,2,978144977
26,2082,3,978140049
26,1285,3,978146649
26,2802,4,978141204
26,2805,3,978145407
26,3608,1,978141896
26,3100,3,978138682
26,3101,4,978146800
26,252,4,978141219
26,2302,3,978141688
26,185,3,978276085
26,3108,2,978274244
26,3039,3,978271918
26,902,4,978273268
26,830,2,978140333
26,1291,3,978146574
26,832,2,978274244
26,762,3,978145597
26,3614,4,978275316
26,1298,2,978146940
26,765,3,978145506
26,3543,5,978141633
26,1003,2,978271488
26,694,3,978146288
26,2746,1,978146876
26,1947,3,978142952
26,1876,5,978275083
26,333,1,978145560
26,260,3,978271884
26,11,3,978271282
26,261,2,978274244
26,3040,3,978271692
26,337,1,978130782
26,3114,3,978141494
26,2312,4,978146619
26,16,4,978275215
26,2313,3,978271461
26,339,3,978139421
26,267,2,978140520
26,195,3,978271857
26,2316,4,978140082
26,2243,5,978146718
26,2245,3,978141664
26,1370,3,978139015
26,1517,1,978142451
26,198,4,978274312
26,2247,2,978147012
26,2174,1,978141688
26,2248,3,978142861
26,1376,1,978143197
26,2822,3,978141288
26,3552,3,978271401
26,1013,3,978273355
26,1015,3,978139894
26,1880,3,978140311
26,2683,1,978385333
26,1954,3,978272643
26,1955,3,978273004
26,412,5,978144309
26,1883,2,978144324
26,413,2,978139790
26,2759,2,978139536
26,1957,3,978146686
26,3489,3,978271603
26,1958,3,978142912
26,416,3,978146104
26,344,1,978140097
26,1888,3,978139827
26,2321,5,978139101
26,276,3,978140162
26,278,3,978145631
26,3056,3,978145836
26,1380,4,978141896
26,1381,2,978142672
26,2259,3,978141339
26,1457,4,978276041
26,852,4,978139520
26,780,3,978144236
26,3703,2,978143197
26,1387,3,978272215
26,1388,2,978273171
26,3705,3,978142486
26,3707,4,978142043
26,1020,3,978271421
26,784,1,978139991
26,2906,4,978146047
26,1021,2,978140454
26,3638,2,978273135
26,1961,4,978146540
26,788,1,978141204
26,1028,1,978142738
26,1966,4,978138630
26,350,3,978144538
26,424,3,978145105
26,1968,4,978141494
26,3130,3,978146180
26,2403,3,978146985
26,429,1,978140438
26,356,5,978138642
26,3206,4,978141354
26,2404,3,978147180
26,2406,3,978141079
26,3063,3,978140187
26,2407,3,978141664
26,2261,3,978146800
26,38,2,978145985
26,2335,2,978140566
26,2262,5,978384764
26,39,3,978271401
26,2409,4,978273066
26,1461,2,978145736
26,1608,4,978144324
26,1463,2,978145597
26,1390,2,978145310
26,2266,3,978142510
26,1391,1,978145944
26,2268,4,978138575
26,1393,5,978140863
26,2269,3,978271640
26,1394,5,978141439
26,1100,2,978141233
26,1101,4,978140997
26,2915,4,978130465
26,2916,4,978144159
26,2918,3,978141583
26,500,3,978138871
26,1035,2,978273268
26,432,2,978145481
26,3210,3,978271488
26,2779,3,978271603
26,361,4,978275709
26,435,3,978140370
26,2411,4,978147114
26,364,3,978271665
26,2412,2,978146047
26,2340,4,978141178
26,45,5,978275432
26,1541,3,978140139
26,368,2,978139503
26,3219,3,978275185
26,48,3,978141288
26,2418,2,978146974
26,1544,3,978140344
26,3584,4,978147104
26,511,5,978130485
26,2858,4,978130715
26,440,3,978140997
26,441,2,978142561
26,370,1,978140333
26,517,3,978271809
26,518,1,978140071
26,445,1,978139936
26,2420,3,978146923
26,3152,5,978272609
26,2423,2,978141566
26,2424,3,978141008
26,2352,5,978141602
26,377,4,978140997
26,3082,4,978144939
26,378,4,978144788
26,3156,5,978144677
26,1625,3,978271571
26,2355,3,978138608
26,2429,3,978145526
26,1556,2,978141377
26,1485,1,978139220
26,3809,3,978141913
26,3590,3,978273135
26,3591,3,978141721
26,2791,1,978141700
26,1126,1,978140254
26,2794,2,978147128
26,2795,2,978141602
26,450,2,978144498
26,1994,2,978146835
26,524,5,978138560
26,2797,3,978143298
26,2798,1,978146047
26,380,3,978271918
26,1997,3,978140772
26,454,5,978139258
26,381,3,978142952
26,455,2,978140530
26,529,4,978130782
26,62,4,978143951
26,1703,2,978271539
26,3308,5,978146900
26,1704,5,978130729
26,64,2,978141204
26,2291,1,978142589
26,3098,4,978146686
26,2369,2,978146955
26,1569,3,978271742
26,1498,2,978139182
26,2003,2,978146955
26,1201,2,978273280
26,2004,1,978139721
26,2942,3,978271539
26,1135,4,978141879
26,2875,3,978271871
26,605,4,978275630
26,609,3,978140566
26,463,3,978271588
26,1711,2,978139311
26,539,2,978138972
26,466,2,978139936
26,1713,3,978139991
26,1640,4,978138784
26,467,3,978144646
26,74,4,978141079
26,3173,4,978139438
26,3247,2,978276085
26,3248,2,978145803
26,1644,3,978271624
26,3249,3,978130684
26,2447,5,978138630
26,1645,3,978271448
26,2375,3,978141913
26,104,2,978138608
26,2011,4,978141820
26,2012,2,978271309
26,2950,3,978147235
26,2014,3,978273066
26,2953,2,978145709
26,2881,3,978271461
26,3684,3,978141030
26,3686,4,978275503
26,612,2,978145202
26,1073,3,978141633
26,540,3,978271857
26,3688,3,978271789
26,3689,3,978147235
26,542,3,978140370
26,471,4,978140977
26,472,3,978145453
26,1079,2,978146649
26,3252,2,978138847
26,1721,3,978144338
26,3253,2,978141649
26,1722,3,978139653
26,3254,1,978142952
26,3255,3,978271665
26,3257,4,978139867
26,2528,5,978273113
26,3259,3,978275758
26,2459,1,978273082
26,1584,3,978138705
26,2387,3,978144832
26,1586,4,978144806
26,1588,2,978142647
26,118,5,978141322
26,2020,5,978142127
26,1220,2,978271358
26,3835,3,978271421
26,3690,3,978147261
26,2890,3,978138728
26,550,3,978271900
26,1084,4,978273251
26,480,4,978130485
26,3331,3,978147180
26,1088,3,978271447
26,1801,3,978141134
26,628,3,978138886
26,3261,5,978271858
26,3408,2,978271489
26,3263,5,978139653
26,487,2,978146357
26,2463,3,978141688
26,94,3,978275270
26,95,4,978139854
26,3194,5,978271183
26,2392,2,978146155
26,1663,3,978146686
26,3268,1,978146180
26,2539,2,978139357
26,3269,3,978142615
26,122,2,978141322
26,1593,3,978271769
26,2469,5,978141095
26,125,3,978275083
26,2100,3,978141053
26,1597,2,978141204
26,1302,2,978146594
26,994,2,978273596
26,2106,3,978275538
26,3846,2,978146876
26,2109,3,978141896
26,1307,4,978140830
26,1090,3,978146594
26,1092,3,978139611
26,708,3,978144865
26,1097,2,978143197
26,491,3,978139421
26,1810,3,978139159
26,2541,5,978142080
26,3418,2,978144088
26,2470,3,978146900
26,3274,3,978139333
26,2473,3,978147163
26,499,5,978271741
26,207,5,978141306
26,1678,4,978143842
26,208,2,978144615
26,135,2,978140333
26,2111,2,978141807
26,2042,2,978145709
26,1240,4,978143197
26,1246,3,978146594
26,1247,3,978142647
27,2987,2,978129223
27,1248,5,978128920
27,1250,5,978128920
27,1252,5,978129176
27,1180,4,978129392
27,1254,5,978130092
27,2997,5,978129418
27,1188,3,978129368
27,3435,5,978129176
27,3364,5,978129223
27,2,1,978129692
27,1262,5,978130092
27,2138,2,978129642
27,2066,4,978129222
27,1265,3,978129566
27,1267,5,978129222
27,1198,5,978130092
27,300,4,978128821
27,1276,5,978129368
27,318,4,978129982
27,1282,4,978129053
27,3469,5,978129930
27,3030,5,978129302
27,3037,4,978129527
27,905,5,978129418
27,1294,5,978129509
27,908,5,978129930
27,260,5,978129642
27,910,5,978129302
27,2174,4,978129642
27,912,5,978129836
27,913,5,978129176
27,916,4,978129368
27,922,4,978129176
27,923,5,978129768
27,2186,5,978129223
27,926,5,978130018
27,858,5,978128786
27,930,5,978129222
27,1394,5,978129418
27,3072,3,978129527
27,1617,4,978129176
27,947,5,978129302
27,2858,5,978128920
27,951,5,978128995
27,3730,5,978128920
27,2289,4,978129368
27,955,5,978129392
27,3593,1,978128865
27,1997,3,978128920
27,528,2,978129768
27,2003,2,978128821
27,2005,1,978129692
27,1204,5,978130092
27,2872,2,978129642
27,1207,5,978129930
27,898,5,978129478
27,2948,4,978128995
27,1136,5,978129392
27,971,5,978129982
27,3683,5,978129223
27,1217,4,978129836
27,1073,4,978129662
27,541,5,978129176
27,1722,3,978128865
27,1225,3,978129956
27,2100,2,978129662
27,2973,3,978129332
27,1237,5,978129795
27,1097,5,978129642
28,1249,2,978982185
28,1179,4,978126422
28,2550,4,978125885
28,648,3,978982323
28,144,2,978982281
28,3793,4,978982233
28,650,3,978126224
28,2997,4,978125846
28,3000,3,978126172
28,1,3,978985309
28,2132,5,978985335
28,1265,4,978126107
28,1266,3,978126545
28,1193,3,978125194
28,1196,5,978125450
28,1197,5,978125233
28,1198,5,978125746
28,593,3,978125450
28,2571,3,978125885
28,1916,3,978126438
28,1411,4,978126277
28,1271,4,978126277
28,1277,4,978125546
28,1278,5,978125989
28,1923,3,978126438
28,2657,4,978982233
28,318,4,978125528
28,2080,3,978126370
28,1284,5,978125607
28,1285,5,978126277
28,3101,2,978125359
28,2599,4,978125689
28,901,3,978125218
28,902,5,978126189
28,1291,4,978125218
28,904,4,978125501
28,906,4,978126477
28,3471,3,978125730
28,3548,4,978125922
28,260,4,978125450
28,334,4,978125960
28,266,2,978982323
28,2174,3,978126491
28,912,5,978985294
28,2248,4,978126172
28,916,4,978985238
28,919,4,978125464
28,846,4,978125906
28,778,4,978126306
28,1956,4,978126306
28,2321,4,978126422
28,25,3,978126344
28,1387,4,978125846
28,928,4,978125960
28,2908,4,978125358
28,2762,4,978125811
28,1968,5,978126393
28,32,3,978125885
28,357,3,978126093
28,39,4,978126393
28,930,5,978126074
28,1537,4,978126049
28,2918,5,978125359
28,3210,3,978125730
28,293,4,978126147
28,47,2,978982203
28,1617,2,978125515
28,2858,4,978982159
28,50,5,978125989
28,2282,4,978126317
28,954,5,978125566
28,2797,3,978125358
28,1997,4,978125772
28,527,5,978985280
28,454,2,978125255
28,1704,4,978126277
28,3097,4,978125624
28,1200,4,978125796
28,3671,4,978126277
28,898,4,978125705
28,2947,4,978126477
28,1208,3,978125427
28,899,3,978125906
28,1136,4,978126093
28,608,4,978126189
28,2011,2,978125358
28,1210,5,978125255
28,1214,5,978125772
28,2881,3,978125358
28,2020,4,978125772
28,1224,4,978125566
28,1225,5,978125672
28,551,4,978982185
28,480,3,978982261
28,3260,3,978126370
28,3334,4,978126277
28,1660,4,978126545
28,2396,5,978125846
28,2398,4,978126189
28,1302,3,978126031
28,1230,4,978125607
28,2033,2,978982338
28,1097,3,978126452
28,1748,3,978126224
28,1240,3,978125772
28,1244,4,978126330
28,1247,5,978125501
29,2989,2,978136274
29,2550,3,978136554
29,3793,1,978136022
29,2991,4,978136203
29,1252,3,978122988
29,2993,5,978136203
29,2058,2,978136162
29,2490,4,978136098
29,3366,2,978136307
29,589,4,978135871
29,1262,5,978123093
29,733,4,978136307
29,1196,4,978135871
29,1198,5,978135796
29,3370,3,978122885
29,2571,3,978135796
29,163,2,978136162
29,3527,5,978136058
29,1785,3,978136203
29,318,5,978122961
29,1356,2,978136239
29,1287,5,978135871
29,2660,3,978122988
29,2661,4,978122961
29,2662,5,978136022
29,3468,3,978123093
29,3102,4,978122580
29,3104,3,978136022
29,1799,5,978122580
29,1291,3,978135833
29,260,5,978122580
29,1370,2,978136129
29,912,2,978123093
29,1374,3,978135941
29,1376,2,978136239
29,1953,3,978135913
29,1954,4,978135986
29,21,2,978136022
29,349,3,978136307
29,1527,3,978136129
29,3702,5,978136058
29,1387,5,978135833
29,3633,4,978136342
29,3635,3,978136203
29,858,5,978122910
29,2762,3,978122988
29,3639,4,978136274
29,353,4,978136162
29,2403,4,978136274
29,3062,4,978135986
29,2406,4,978136203
29,288,5,978136129
29,2193,3,978136203
29,1101,3,978136307
29,2916,4,978135986
29,1036,5,978135796
29,1610,3,978135941
29,3726,5,978136129
29,3654,3,978135941
29,50,5,978123014
29,377,3,978136098
29,1127,3,978136058
29,1129,3,978136239
29,457,3,978135871
29,2363,3,978135941
29,2366,4,978122580
29,2000,3,978136058
29,3740,4,978136162
29,1200,3,978135796
29,1204,5,978123040
29,2944,5,978135871
29,969,3,978136162
29,2872,3,978135913
29,2947,3,978135796
29,1135,3,978122580
29,2948,2,978135986
29,2949,4,978135986
29,1210,2,978135986
29,3753,4,978136058
29,2951,3,978135986
29,1214,4,978135796
29,1215,2,978136022
29,610,4,978136239
29,541,3,978122988
29,474,2,978136022
29,3256,3,978136274
29,2527,5,978136203
29,1580,3,978136058
29,110,5,978135913
29,2529,5,978135833
29,1220,5,978135913
29,1221,3,978135796
29,3836,5,978136307
29,1222,4,978135871
29,1225,5,978123014
29,3769,3,978136098
29,1085,4,978123040
29,480,4,978136129
29,3405,5,978135913
29,2534,3,978136098
29,3197,3,978136239
29,1304,5,978135833
29,494,3,978136342
29,3418,2,978136129
29,2617,3,978136342
29,2115,5,978136239
29,1240,5,978135833
29,1242,2,978135913
30,1176,5,978121997
30,720,3,978121996
30,2997,4,978122054
30,589,4,978122110
30,150,3,978122074
30,3943,5,978121687
30,3006,3,978121997
30,3949,4,978122183
30,1265,4,978122110
30,593,5,978121924
30,2571,4,978122092
30,162,2,978122010
30,1922,3,978121871
30,1784,3,978121966
30,318,4,978121841
30,1288,2,978121462
30,3105,3,978121997
30,17,4,978121841
30,3554,4,978122183
30,2686,4,978122093
30,2762,4,978122035
30,2692,3,978122035
30,3072,3,978121462
30,296,3,978121947
30,1617,4,978121947
30,1545,2,978121902
30,1041,4,978121947
30,879,2,978121462
30,2858,4,978121947
30,50,5,978121966
30,3155,2,978121902
30,527,5,978121902
30,608,3,978122035
30,2442,3,978122035
30,1213,3,978121924
30,1216,4,978122166
30,1657,3,978122054
30,2028,4,978121924
30,2966,2,978121997
30,3260,3,978122054
30,3911,2,978121745
30,1097,5,978121513
30,2544,4,978121513
31,648,5,978120588
31,1259,4,978121110
31,1188,1,978120886
31,3507,5,978120551
31,3363,4,978121552
31,587,3,978121271
31,2208,4,978121516
31,2135,4,978120686
31,3948,3,978121476
31,2064,3,978121060
31,2065,3,978121584
31,1265,5,978120997
31,1269,5,978121329
31,1197,5,978120971
31,3516,4,978121476
31,2716,4,978120971
31,3448,3,978121476
31,1777,3,978121447
31,3012,2,978120886
31,2144,3,978121357
31,1270,5,978120938
31,2078,4,978121329
31,1276,3,978121038
31,3450,3,978121885
31,3524,4,978121851
31,3451,3,978121110
31,3525,2,978121815
31,2657,4,978120654
31,3022,4,978120971
31,3028,5,978121634
31,2080,5,978121219
31,1281,3,978121417
31,3608,2,978121765
31,3462,4,978121357
31,1937,5,978121292
31,3396,4,978121160
31,3397,4,978121584
31,2300,5,978121196
31,3104,3,978121140
31,2302,4,978121675
31,3037,4,978121038
31,901,3,978121765
31,3039,5,978121447
31,905,5,978121140
31,1297,4,978121271
31,2747,5,978121242
31,11,3,978121584
31,3040,3,978121634
31,2245,4,978121357
31,910,5,978121088
31,2174,4,978121271
31,1958,3,978121885
31,21,3,978121476
31,921,2,978121140
31,3200,3,978121652
31,356,5,978121271
31,357,5,978121329
31,2407,4,978121675
31,1466,3,978120610
31,933,5,978121516
31,934,3,978121765
31,3640,2,978121516
31,2915,3,978121060
31,2918,5,978120997
31,1976,1,978120757
31,3210,3,978121160
31,368,3,978121765
31,946,3,978121608
31,2922,3,978120401
31,947,4,978121038
31,2780,1,978121786
31,440,4,978121400
31,2423,5,978121329
31,2355,4,978121242
31,3088,5,978121181
31,951,4,978120588
31,1485,2,978121885
31,955,5,978121375
31,957,4,978120364
31,3591,3,978121735
31,2935,4,978121716
31,2936,3,978120364
31,1125,5,978121634
31,2792,3,978120735
31,1129,4,978120610
31,2366,5,978120364
31,3096,5,978120938
31,961,4,978120735
31,2000,5,978121088
31,3740,3,978121400
31,2001,5,978121375
31,3671,5,978121447
31,2870,3,978121608
31,3675,4,978120588
31,898,4,978121400
31,2874,3,978120938
31,2948,3,978120478
31,1136,3,978120401
31,3244,3,978120971
31,2371,5,978121584
31,3247,4,978121815
31,1210,4,978120401
31,3685,3,978121447
31,1073,5,978121088
31,1077,3,978121608
31,1580,4,978121329
31,3189,2,978120908
31,3836,3,978121516
31,3690,4,978120364
31,480,5,978120551
31,1663,4,978121088
31,1230,3,978121038
31,1304,5,978121038
31,1307,5,978120971
31,1234,5,978120938
31,1235,3,978121038
31,3341,4,978121786
31,3349,2,978121516
31,2111,3,978121716
32,1249,3,978119379
32,3429,3,978119364
32,3286,1,978126476
32,1683,3,978123849
32,1250,4,978122564
32,2707,2,978123912
32,1834,3,978123925
32,589,4,978123849
32,593,5,978123515
32,2571,3,978123515
32,1343,3,978123879
32,745,4,978123515
32,1784,3,978118666
32,247,4,978123831
32,1358,4,978123515
32,3101,4,978118701
32,1296,5,978122520
32,266,4,978121288
32,3556,4,978121288
32,1956,3,978118701
32,28,3,978122729
32,2762,5,978121626
32,32,5,978121599
32,2916,3,978123912
32,293,4,978123515
32,3072,5,978118683
32,47,4,978119379
32,3147,5,978123863
32,1617,3,978123515
32,3079,5,978122813
32,2858,4,978119364
32,50,3,978123515
32,3159,2,978122583
32,457,3,978123831
32,1208,4,978121689
32,608,4,978123515
32,3821,1,978118906
32,3751,4,978118859
32,2959,4,978121579
32,474,4,978123849
32,2020,5,978121545
32,2028,3,978121667
32,551,3,978121273
32,480,2,978118666
32,1088,4,978121564
32,2108,5,978122598
32,3786,4,978119403
32,3787,4,978121792
33,1175,2,978558758
33,1249,2,978557891
33,3421,2,978108416
33,2550,4,978109889
33,2553,3,978109215
33,2554,4,978985564
33,1680,3,978110174
33,3359,3,978982566
33,1682,2,978985549
33,3935,2,978983298
33,1321,3,978559166
33,2124,3,978985788
33,1250,3,978108540
33,2991,5,978559073
33,1252,3,978557849
33,1253,5,978982834
33,3868,3,978110115
33,2993,5,978985549
33,1183,2,978985480
33,2997,3,978108775
33,1258,5,978558041
33,1259,5,978108756
33,653,2,978110600
33,581,4,978982758
33,3504,3,978982449
33,3505,4,978983174
33,1189,5,978982362
33,3507,4,978985173
33,3435,4,978558041
33,3362,4,978108516
33,2633,4,978108992
33,3363,4,978983220
33,586,4,978983558
33,3364,4,978982738
33,1834,4,978985055
33,2637,3,978558041
33,589,4,978558041
33,2638,3,978558063
33,2565,5,978558758
33,223,1,978983439
33,150,4,978558301
33,154,3,978108840
33,1699,1,978559237
33,2132,3,978108437
33,2206,4,978109468
33,1333,5,978558219
33,2064,2,978557891
33,1263,4,978108825
33,1265,3,978109513
33,1339,5,978985700
33,1266,4,978109054
33,1193,5,978557765
33,733,2,978110632
33,1267,3,978558301
33,1269,4,978108695
33,1196,5,978108182
33,590,2,978982906
33,1198,5,978108245
33,2640,4,978985142
33,592,4,978109639
33,3516,2,978558395
33,593,5,978108216
33,594,3,978558165
33,2716,4,978558990
33,595,3,978982802
33,2644,5,978109007
33,2571,3,978109133
33,300,2,978109430
33,2646,4,978110075
33,2647,4,978110075
33,2648,4,978558650
33,230,3,978985788
33,2649,4,978110075
33,3016,3,978985654
33,1340,4,978110466
33,3018,2,978982541
33,2070,4,978109534
33,3019,5,978983126
33,2071,4,978110296
33,1343,5,978558758
33,1270,4,978558097
33,1344,4,978109513
33,1345,2,978559312
33,1272,4,978982999
33,2076,3,978109448
33,1348,3,978558492
33,1278,3,978109568
33,3451,3,978109180
33,2650,4,978558041
33,3526,3,978982708
33,3527,5,978558008
33,678,5,978108639
33,2728,2,978557933
33,3386,5,978110004
33,1784,4,978558241
33,1785,3,978109534
33,316,2,978110442
33,318,5,978108216
33,319,3,978982867
33,1350,3,978982802
33,2080,3,978558165
33,1356,4,978109737
33,1283,3,978558219
33,2159,4,978109367
33,1357,4,978109488
33,1358,5,978982693
33,1287,3,978983032
33,3461,3,978109915
33,3608,4,978983108
33,2660,3,978557731
33,2661,4,978109215
33,2662,4,978110313
33,2664,5,978558395
33,2739,2,978982867
33,3396,2,978108058
33,1792,4,978110411
33,3397,1,978985682
33,3398,1,978985733
33,3100,2,978109979
33,3101,4,978107833
33,3102,4,978109760
33,3105,4,978983457
33,3032,3,978110660
33,2303,2,978985654
33,2160,4,978558357
33,902,2,978559044
33,903,4,978108516
33,1291,5,978109294
33,904,4,978108299
33,1367,3,978110716
33,1294,3,978108740
33,1295,2,978985608
33,907,2,978557832
33,1296,2,978558301
33,908,5,978108540
33,1299,3,978108478
33,3471,4,978557989
33,3546,4,978559204
33,2817,2,978108058
33,2746,2,978985788
33,3476,3,978982920
33,2747,3,978558792
33,2674,3,978982589
33,1945,3,978558097
33,1946,3,978558007
33,1873,2,978557914
33,1947,3,978558428
33,260,5,978108571
33,3110,4,978982170
33,3111,3,978108858
33,337,3,978109709
33,16,3,978110004
33,2313,4,978109621
33,17,1,978558517
33,3044,3,978109915
33,910,2,978558517
33,1517,4,978109931
33,2174,3,978109760
33,1372,4,978110174
33,912,3,978557865
33,2176,3,978110098
33,1374,4,978558357
33,914,5,978108939
33,2178,4,978558063
33,916,3,978982449
33,919,4,978108416
33,3551,3,978557891
33,3552,4,978108880
33,1012,3,978109367
33,1953,4,978108775
33,1954,3,978109639
33,1017,3,978983314
33,1955,5,978558301
33,1956,5,978108794
33,1019,4,978110366
33,1958,3,978985142
33,1885,5,978559260
33,3121,3,978108460
33,345,5,978109849
33,349,5,978558808
33,1380,2,978985081
33,2183,5,978558122
33,923,2,978557810
33,2186,3,978108516
33,924,4,978108695
33,1387,4,978108540
33,926,3,978982783
33,927,2,978559122
33,3635,4,978109782
33,858,5,978108245
33,2908,3,978108898
33,2762,4,978108740
33,1961,4,978108914
33,3639,5,978559138
33,3494,2,978983278
33,1892,3,978109979
33,1028,4,978559122
33,3498,5,978557914
33,3499,4,978109591
33,3203,3,978110296
33,32,2,978109568
33,3204,4,978983262
33,34,2,978109250
33,36,4,978985021
33,3062,3,978558792
33,2406,3,978110004
33,930,4,978108571
33,3068,4,978108416
33,2193,3,978110045
33,1464,3,978985495
33,931,4,978983054
33,2194,5,978109272
33,932,3,978109250
33,2268,5,978558650
33,1393,2,978558357
33,1394,3,978557952
33,2912,2,978109196
33,1101,4,978110149
33,866,2,978109448
33,2915,3,978558701
33,1103,4,978558758
33,2916,4,978109782
33,1104,2,978982867
33,2918,3,978558263
33,3576,3,978109931
33,1035,5,978109398
33,431,4,978109054
33,2779,2,978110075
33,508,4,978109833
33,509,2,978110600
33,364,3,978109488
33,1610,5,978558546
33,293,3,978558462
33,3072,5,978109231
33,47,5,978558462
33,2344,3,978110676
33,1615,3,978985592
33,296,3,978108516
33,3147,5,978558182
33,2272,2,978985532
33,2346,3,978110466
33,2278,3,978985081
33,2921,3,978983147
33,2922,3,978109798
33,949,5,978982566
33,3727,3,978109079
33,2852,4,978109674
33,2926,3,978110698
33,1982,5,978559073
33,3587,3,978983457
33,2858,4,978108299
33,50,3,978558122
33,3152,3,978109621
33,2423,3,978109551
33,377,4,978109468
33,2353,4,978109798
33,1625,2,978110676
33,2288,4,978982758
33,952,3,978110296
33,953,4,978557973
33,3733,3,978983147
33,2932,2,978985480
33,3735,4,978108516
33,2791,4,978108670
33,1125,4,978110427
33,1127,4,978109413
33,2867,2,978558263
33,2795,4,978558241
33,1994,4,978109639
33,3599,3,978557832
33,2797,3,978110395
33,3230,4,978110411
33,1997,5,978108416
33,527,3,978107833
33,454,4,978110004
33,2433,3,978109915
33,1635,5,978983331
33,3167,3,978109591
33,3168,3,978110296
33,3095,1,978982589
33,2366,3,978558631
33,3169,3,978558462
33,3098,2,978109889
33,2000,5,978982906
33,2001,4,978109889
33,1200,4,978558041
33,1201,5,978982509
33,2941,4,978558792
33,3671,3,978109833
33,1130,4,978110313
33,2944,4,978108808
33,2871,5,978557914
33,969,4,978109271
33,1206,4,978109054
33,2009,4,978110616
33,1207,5,978982541
33,1061,4,978983262
33,3676,3,978982566
33,2947,5,978558357
33,1208,4,978108825
33,2948,4,978558200
33,1136,4,978108460
33,608,4,978108216
33,538,2,978983174
33,3244,4,978110380
33,1717,3,978107833
33,971,3,978108879
33,2010,4,978108571
33,1210,5,978108058
33,2951,3,978558374
33,3827,4,978110486
33,3681,3,978982449
33,1213,5,978108587
33,3682,5,978108655
33,1214,4,978108695
33,3683,2,978982449
33,3685,3,978983359
33,1219,5,978108571
33,2959,3,978110716
33,1079,5,978109688
33,3250,3,978110353
33,474,5,978983383
33,1721,5,978109979
33,3253,3,978110600
33,3256,5,978109709
33,2455,4,978109674
33,1653,2,978559091
33,110,2,978982589
33,2529,5,978109166
33,111,5,978108437
33,3186,3,978109889
33,2384,1,978983298
33,1729,5,978985622
33,2459,3,978110098
33,1584,4,978558828
33,3760,3,978110026
33,1221,5,978557713
33,3836,4,978983205
33,1222,4,978558200
33,3693,1,978983108
33,1225,5,978108182
33,1152,3,978983262
33,1080,3,978558301
33,1227,3,978982489
33,1084,4,978983262
33,3699,2,978110600
33,1085,3,978109106
33,1086,4,978109513
33,480,5,978110026
33,1088,2,978110698
33,555,4,978558828
33,1089,5,978559044
33,3334,3,978109054
33,2391,4,978109863
33,1663,2,978982980
33,2467,4,978983516
33,2396,2,978108939
33,3911,2,978108939
33,2398,3,978558808
33,1300,5,978557952
33,1301,4,978982867
33,1302,2,978109513
33,3844,5,978110149
33,1230,3,978982738
33,1304,3,978557866
33,1231,3,978109250
33,2109,4,978985430
33,1234,5,978982541
33,1235,3,978982693
33,1090,3,978558041
33,1092,4,978109382
33,1094,4,978109271
33,1095,1,978985700
33,1096,4,978110486
33,3340,4,978108740
33,1097,4,978982390
33,2612,4,978982608
33,565,3,978983262
33,3271,4,978109833
33,3418,4,978109945
33,569,2,978983074
33,1674,5,978109166
33,1678,2,978558122
33,2115,4,978109760
33,1240,4,978108794
33,2117,3,978110427
33,2118,4,978558596
33,2983,4,978983205
33,1245,2,978110466
33,1246,5,978558517
33,1247,3,978982390
34,3424,4,978104034
34,1680,5,978104358
34,3358,3,978104491
34,2558,3,978104580
34,2485,5,978104678
34,2054,3,978104169
34,3868,4,978104050
34,1258,5,978103417
34,2700,4,978103198
34,1259,5,978102984
34,1188,1,978104414
34,3361,5,978103022
34,587,4,978104399
34,1835,4,978104466
34,222,4,978104384
34,1,5,978102970
34,7,3,978104490
34,2133,5,978104134
34,2134,3,978104119
34,3510,5,978103881
34,2710,5,978103455
34,1196,5,978103665
34,1197,5,978103077
34,2716,4,978102984
34,2572,4,978104449
34,597,5,978104399
34,236,1,978104619
34,163,3,978104384
34,2144,5,978103087
34,2145,5,978104134
34,2072,2,978104190
34,1270,5,978102954
34,1278,4,978102999
34,745,4,978102922
34,3450,4,978103289
34,3524,4,978104150
34,3526,3,978103216
34,1923,4,978103166
34,2581,4,978104491
34,3387,2,978104212
34,3388,2,978104238
34,1784,5,978103166
34,318,5,978103631
34,1350,2,978103487
34,2081,4,978103324
34,1285,5,978103052
34,2804,5,978104026
34,3608,3,978103303
34,3536,4,978103849
34,2735,3,978104150
34,3104,4,978103106
34,2302,5,978103216
34,1500,4,978103166
34,3033,5,978104068
34,2160,2,978103487
34,3039,4,978104081
34,837,3,978103216
34,838,4,978104466
34,2671,5,978103265
34,2747,3,978103379
34,11,4,978103264
34,339,4,978104503
34,17,5,978104339
34,1441,4,978104515
34,2174,4,978104068
34,2248,5,978102999
34,3623,3,978103932
34,919,5,978103710
34,3481,3,978103038
34,1888,3,978104643
34,2324,5,978102970
34,2329,5,978103677
34,1381,1,978104264
34,1387,4,978103428
34,1028,5,978103198
34,3499,4,978103444
34,1968,5,978103106
34,1895,3,978102800
34,353,4,978104414
34,356,5,978104384
34,34,5,978102999
34,2406,4,978103265
34,2261,5,978104150
34,39,4,978103198
34,1393,5,978104329
34,933,5,978103077
34,3712,3,978103368
34,1100,4,978104619
34,2915,4,978103127
34,2918,5,978102970
34,2413,4,978104190
34,2416,4,978104169
34,1541,3,978104549
34,3219,3,978102839
34,1479,4,978104619
34,2858,5,978102938
34,441,5,978103177
34,2423,3,978104105
34,2424,5,978104414
34,3087,4,978103368
34,3088,5,978103010
34,3591,4,978104081
34,2791,5,978103106
34,3594,4,978103990
34,2792,4,978104190
34,2794,5,978104238
34,3597,2,978103898
34,2795,5,978103241
34,2796,4,978104212
34,1994,4,978103444
34,380,3,978104435
34,1997,5,978103417
34,455,2,978102817
34,529,3,978103690
34,2432,4,978102800
34,1704,4,978103690
34,2291,4,978104371
34,2369,2,978104169
34,2000,5,978103138
34,1569,3,978104466
34,2001,5,978103354
34,1207,4,978103631
34,605,4,978104592
34,539,4,978104371
34,1641,4,978103303
34,2371,4,978104050
34,1717,3,978103517
34,1645,3,978103463
34,2375,5,978104212
34,2378,3,978104224
34,2379,3,978104253
34,2011,3,978104119
34,1219,4,978103417
34,1148,5,978102922
34,2888,5,978104630
34,543,4,978104549
34,1079,4,978104050
34,1721,4,978102800
34,3253,3,978103229
34,1722,4,978104549
34,2380,3,978104279
34,3257,4,978104692
34,2382,1,978104290
34,2383,1,978104279
34,3259,3,978104549
34,550,4,978104619
34,3408,4,978103898
34,3264,2,978103517
34,1735,4,978104426
34,3269,3,978104619
34,2469,2,978104169
34,2396,5,978104329
34,2100,3,978104105
34,1597,3,978104592
34,2108,1,978103277
34,2109,4,978103198
34,1307,5,978103052
34,1091,4,978104190
34,708,4,978104549
34,1097,5,978102839
34,2471,2,978104253
34,497,5,978104449
34,2478,4,978104212
34,3785,3,978103898
35,3359,4,978102856
35,1251,4,978101388
35,1252,4,978102202
35,1183,2,978103825
35,3501,3,978104002
35,1185,4,978100997
35,728,1,978100839
35,3508,3,978101839
35,2633,1,978103809
35,2708,4,978103743
35,1760,1,978102137
35,3365,4,978101807
35,1835,4,978100391
35,154,4,978101459
35,155,3,978100415
35,7,2,978104122
35,3871,5,978101573
35,800,4,978102899
35,1408,1,978103877
35,2065,2,978101170
35,803,3,978103877
35,1264,5,978102272
35,1266,4,978101807
35,3512,1,978103422
35,1269,4,978102272
35,1196,4,978102812
35,1197,5,978103790
35,1198,4,978100415
35,592,2,978101210
35,595,2,978101958
35,2571,4,978102342
35,2575,4,978102494
35,1272,3,978102921
35,1419,4,978102974
35,2078,2,978102032
35,1276,3,978102769
35,1278,4,978101687
35,3451,4,978101477
35,2724,3,978104122
35,318,3,978102705
35,2080,3,978103714
35,2081,2,978102065
35,1283,5,978101807
35,824,5,978100700
35,2087,4,978102032
35,1358,5,978102329
35,2088,4,978102155
35,1288,4,978100972
35,2731,5,978101533
35,3461,4,978101434
35,2732,5,978101388
35,3467,4,978101415
35,2300,5,978101958
35,3030,4,978101388
35,2303,5,978101958
35,902,5,978100391
35,2238,4,978101711
35,2239,4,978100440
35,904,4,978102202
35,1292,4,978101687
35,1294,4,978101661
35,908,4,978102202
35,838,4,978103896
35,3473,3,978101732
35,2671,3,978104050
35,3549,4,978102032
35,1945,5,978101533
35,1946,4,978101550
35,1949,4,978101434
35,2312,4,978101170
35,2313,3,978101107
35,17,4,978102921
35,2171,4,978103967
35,1370,3,978102460
35,910,4,978104931
35,911,4,978103732
35,912,5,978102672
35,914,3,978101982
35,915,4,978103857
35,918,4,978102002
35,919,5,978101958
35,1013,4,978101492
35,2682,4,978100700
35,1955,2,978102993
35,1957,3,978102993
35,28,4,978103714
35,1380,4,978102099
35,3700,4,978101085
35,2186,3,978102202
35,3703,4,978104742
35,2762,3,978102314
35,788,1,978104122
35,3566,4,978103378
35,3567,3,978103340
35,2692,4,978103693
35,1964,5,978102921
35,1028,4,978101958
35,1029,3,978101982
35,3060,4,978103202
35,2331,3,978103896
35,357,3,978100740
35,3061,3,978102032
35,36,3,978102856
35,39,4,978100815
35,2336,3,978103072
35,3068,3,978101051
35,1393,3,978103228
35,863,2,978100391
35,938,3,978102002
35,1103,5,978102951
35,1030,1,978102155
35,2919,3,978103790
35,3649,3,978101170
35,1035,3,978101982
35,296,4,978102720
35,3074,3,978101855
35,945,4,978101958
35,2921,3,978101839
35,2922,3,978101839
35,3725,1,978102099
35,948,2,978101598
35,2926,4,978101125
35,3584,4,978101329
35,2858,5,978100763
35,2420,2,978101256
35,3152,5,978102705
35,2424,3,978104091
35,2352,3,978101085
35,3083,5,978100740
35,58,3,978103809
35,3088,5,978104931
35,2289,4,978102881
35,953,5,978103035
35,2932,5,978103051
35,2863,4,978101958
35,1124,4,978101193
35,1704,4,978102974
35,3091,5,978101051
35,3099,3,978101687
35,3812,1,978101732
35,1569,3,978104034
35,1201,4,978101839
35,965,4,978102221
35,3671,5,978101687
35,2942,2,978101296
35,969,5,978103693
35,3675,3,978102065
35,2947,3,978104757
35,899,4,978101958
35,1136,5,978101661
35,608,4,978102221
35,1643,3,978103910
35,3176,2,978102402
35,971,5,978101573
35,3751,4,978103285
35,1210,4,978103857
35,2951,4,978101839
35,3681,4,978101807
35,3685,4,978101032
35,2019,5,978101533
35,1217,5,978100972
35,1148,4,978103630
35,3320,3,978103313
35,1078,3,978101711
35,2385,4,978104150
35,3189,3,978103362
35,3831,3,978103362
35,2020,3,978101107
35,1220,1,978102137
35,1225,4,978100997
35,1080,5,978101661
35,2966,2,978102751
35,1081,3,978102065
35,2969,4,978101459
35,1801,1,978104150
35,3408,3,978103035
35,1732,3,978102402
35,1733,4,978104002
35,123,4,978102705
35,2396,5,978100781
35,2100,4,978103925
35,1300,4,978100951
35,1302,3,978101170
35,1230,4,978101661
35,1231,3,978102826
35,1162,3,978210919
35,1094,4,978102899
35,708,4,978104034
35,1096,3,978100295
35,2611,2,978103091
35,3347,3,978102951
35,2474,2,978101193
35,1674,3,978101085
35,2478,1,978101885
35,3852,4,978103394
35,1172,4,978100951
35,3788,4,978101459
35,1247,5,978101415
36,2987,5,978061914
36,1249,5,978064419
36,2989,4,993702329
36,3424,5,978063192
36,647,4,978210234
36,648,5,978062718
36,2628,3,978062357
36,3358,3,978063601
36,1827,5,978103870
36,3359,5,1015905485
36,144,4,978064060
36,1320,3,978062449
36,3863,4,978062718
36,1250,5,978062571
36,3793,4,978061914
36,2058,4,978211470
36,2700,5,978061285
36,1259,5,978063405
36,581,4,1015905127
36,3504,5,978063087
36,2702,4,978061871
36,3505,5,978103544
36,1189,4,978103870
36,3361,5,978063229
36,2706,5,978061508
36,1831,3,978062488
36,587,4,978063899
36,2490,4,978061792
36,1907,4,978061314
36,588,4,978062210
36,589,5,978062293
36,1909,5,978062378
36,223,5,978061597
36,3298,5,978061547
36,1,5,978061285
36,229,5,978211373
36,6,5,978211343
36,7,4,1012707697
36,1405,4,978061333
36,2137,5,978062190
36,2064,5,978210541
36,1408,5,978210190
36,2065,4,978063581
36,1264,5,993702177
36,1191,4,1015905249
36,1265,4,978210620
36,1266,5,1040545109
36,733,4,978211420
36,3512,4,978209995
36,1196,5,978210102
36,1197,4,978210557
36,3441,3,978210286
36,1198,4,993702088
36,2713,1,1040544662
36,2640,4,993702241
36,1911,4,983647690
36,592,5,993702241
36,1912,5,1015904924
36,593,5,978211140
36,2716,4,978063494
36,595,4,1040545109
36,2571,5,978062293
36,597,5,978063797
36,3448,4,978210234
36,232,5,978063250
36,233,5,978061656
36,161,4,978210213
36,235,3,978210714
36,164,4,978211420
36,165,4,978211531
36,3952,5,978062904
36,2145,5,978064036
36,1270,5,978060982
36,1272,5,978210151
36,1274,3,978062210
36,2078,4,978063471
36,1276,5,978210521
36,1278,5,978063297
36,2722,5,978061597
36,1920,2,978210310
36,3525,4,978064097
36,3526,4,978063276
36,3527,5,978211328
36,1923,5,978063494
36,2580,5,978061683
36,316,3,978062357
36,172,4,978062488
36,246,5,978103870
36,247,4,1040545068
36,178,3,978063899
36,2081,5,978062229
36,2155,4,978063826
36,1356,5,978062357
36,1283,4,1015962403
36,1358,5,978211140
36,1285,3,978063471
36,2802,4,993702306
36,2662,3,1015904924
36,3101,5,978211399
36,2599,4,978061632
36,3104,4,993702241
36,329,3,978062399
36,256,4,978062426
36,3035,4,978063276
36,3037,4,978063250
36,3039,4,978063601
36,1291,5,1015904836
36,2167,5,1015904905
36,2094,4,978062426
36,1292,5,1012707635
36,1295,4,1040545109
36,1297,3,978064097
36,1299,5,978210130
36,2815,1,978210310
36,2671,5,978060955
36,2746,2,978063871
36,1875,3,978063899
36,10,4,978211470
36,1876,4,978062357
36,260,5,993701943
36,11,4,978063696
36,3114,5,978061895
36,2312,5,978062649
36,16,3,978211286
36,2243,4,978063356
36,196,4,978062467
36,2245,4,978063797
36,1370,4,978211399
36,1517,4,978063405
36,198,5,1015904988
36,1372,2,978062357
36,912,5,978210076
36,2248,5,978063276
36,1374,4,993702241
36,1449,4,978063936
36,1376,3,993702306
36,3623,5,978061768
36,3551,4,978211264
36,3552,4,978063581
36,3480,5,993703945
36,2683,5,978061532
36,1954,4,993702139
36,1882,1,978062503
36,2687,5,978061314
36,21,5,978063445
36,2321,3,978063826
36,3052,4,978063770
36,2250,4,978060955
36,349,4,978211328
36,1527,4,978062357
36,924,4,978211163
36,852,4,978063936
36,3702,4,993702211
36,780,4,978062357
36,1387,5,1015904819
36,3706,3,978211373
36,3635,4,993702264
36,858,5,993702088
36,785,5,978061722
36,2761,4,978061722
36,2762,5,978061850
36,1960,5,978210171
36,2763,4,978061895
36,788,4,978210863
36,3639,4,1040545125
36,2764,4,978211399
36,1963,5,978063581
36,2693,5,978061895
36,2694,3,1040544494
36,1968,4,978063623
36,30,4,978062688
36,2699,5,978061532
36,32,5,978062316
36,356,5,978063678
36,34,5,978063211
36,3060,5,978063339
36,1603,4,978210900
36,2406,4,978063844
36,2407,3,978063718
36,2334,5,978211531
36,3066,4,978210267
36,1608,5,993702429
36,2194,5,993702154
36,1393,5,978103620
36,2269,5,1040544350
36,1395,3,978063974
36,3712,4,978064060
36,1396,5,978062316
36,1101,5,993702211
36,866,5,978211181
36,2915,4,978063445
36,2916,4,978210780
36,2918,4,978063380
36,500,4,978064077
36,3576,4,993702287
36,2774,4,1016224902
36,1036,4,993702114
36,3578,5,978061683
36,507,4,993702387
36,3213,5,978061285
36,1610,5,978211235
36,292,4,993702359
36,3142,4,1015905144
36,3072,4,978063192
36,368,4,993702411
36,47,5,978062624
36,296,5,1040545019
36,3147,5,978211198
